* DEPTH SCALE FROM DSCAL2
 DSCAL2 ON DSCAL2 ON DSCAL2 ON DSCAL2 ON equidistant                    
 MASS SCALE
 100      -7.401300
      -5.279250
      -5.274714
      -5.271882
      -5.270210
      -5.269513
      -5.269018
      -5.268622
      -5.268256
      -5.267854
      -5.267427
      -5.266984
      -5.266517
      -5.265962
      -5.265303
      -5.264485
      -5.263365
      -5.262142
      -5.260417
      -5.257814
      -5.253722
      -5.247164
      -5.237042
      -5.223392
      -5.211588
      -5.209248
      -5.207151
      -5.204850
      -5.200842
      -5.193043
      -5.178878
      -5.155008
      -5.117044
      -5.059569
      -4.981539
      -4.913622
      -4.848260
      -4.787497
      -4.728233
      -4.673187
      -4.622003
      -4.571642
      -4.524753
      -4.477864
      -4.423968
      -4.365430
      -4.289309
      -4.169247
      -4.007632
      -3.832112
      -3.643583
      -3.453873
      -3.271104
      -3.096540
      -2.929396
      -2.771130
      -2.618892
      -2.471873
      -2.330988
      -2.201176
      -2.087092
      -1.990100
      -1.906500
      -1.831963
      -1.763232
      -1.696384
      -1.625159
      -1.545205
      -1.455312
      -1.356121
      -1.242719
      -1.108736
      -0.955034
      -0.799773
      -0.647490
      -0.497164
      -0.349304
      -0.208710
      -0.085663
       0.015555
       0.102479
       0.180901
       0.251684
       0.316078
       0.373870
       0.425694
       0.473441
       0.515767
       0.552257
       0.586379
       0.618367
       0.647935
       0.672867
       0.694742
       0.714758
       0.732381
       0.749239
       0.765666
       0.781931
       0.798384
       0.815000
