                  5.0
                0.001
                0.001
                12.85
                  0.1
                    0
                    0
                    0
                    2
                    1
                    0
                    0
                    0
                   50
                    0
                    0
                    0
                    1
                    0
                    5
                    0
                    0
                    0
                    0
                   00
                    1
                    0
                    0
                    0
                    0
                    1
                    0
                    0
                    0
                    0
                    0
                    0
                    0
                    0
                    0
                    0
                    0
                    0
                    2
                    1
                    1
                    1
                    1
                    0
                  0.5
