MARCS MODEL ATMOSPHERE, TEFF=   6000.00
 TAU(5000) SCALE
      2.00000
          40
      -4.24202013      4326.41  3.07181e+09      0.00000      1.00000
      -4.09739828      4352.64  3.90668e+09      0.00000      1.00000
      -3.95277691      4385.61  5.03569e+09      0.00000      1.00000
      -3.80815530      4424.18  6.55883e+09      0.00000      1.00000
      -3.66353393      4466.62  8.59155e+09      0.00000      1.00000
      -3.51891232      4511.82  1.12760e+10      0.00000      1.00000
      -3.37429070      4558.58  1.47781e+10      0.00000      1.00000
      -3.22966933      4605.88  1.92788e+10      0.00000      1.00000
      -3.08504772      4652.69  2.49813e+10      0.00000      1.00000
      -2.94042611      4698.45  3.21233e+10      0.00000      1.00000
      -2.79580450      4742.87  4.09777e+10      0.00000      1.00000
      -2.65118313      4785.85  5.18631e+10      0.00000      1.00000
      -2.50656152      4827.40  6.51553e+10      0.00000      1.00000
      -2.36193991      4867.63  8.12998e+10      0.00000      1.00000
      -2.21731853      4906.34  1.00661e+11      0.00000      1.00000
      -2.07269692      4944.44  1.24081e+11      0.00000      1.00000
      -1.92807531      4982.57  1.52522e+11      0.00000      1.00000
      -1.78345382      5021.45  1.87267e+11      0.00000      1.00000
      -1.63883233      5062.80  2.30364e+11      0.00000      1.00000
      -1.49421072      5108.86  2.85159e+11      0.00000      1.00000
      -1.34958923      5161.03  3.56419e+11      0.00000      1.00000
      -1.20496774      5220.86  4.51233e+11      0.00000      1.00000
      -1.06034613      5294.30  5.85185e+11      0.00000      1.00000
      -0.91572458      5385.16  7.83687e+11      0.00000      1.00000
      -0.77110308      5495.71  1.08931e+12      0.00000      1.00000
      -0.62648153      5627.64  1.57629e+12      0.00000      1.00000
      -0.48185998      5793.44  2.41978e+12      0.00000      1.00000
      -0.33723846      6001.16  3.98428e+12      0.00000      1.00000
      -0.19261691      6264.96  7.10386e+12      0.00000      1.00000
      -0.04799538      6593.87  1.36645e+13      0.00000      1.00000
       0.09662617      7014.00  2.86068e+13      0.00000      1.00000
       0.24124770      7560.29  6.51982e+13      0.00000      1.00000
       0.38586923      8257.77  1.57239e+14      0.00000      1.00000
       0.53049076      8659.07  2.40340e+14      0.00000      1.00000
       0.67511231      8916.84  3.06923e+14      0.00000      1.00000
       0.81973386      9121.98  3.67430e+14      0.00000      1.00000
       0.96435535      9299.19  4.23841e+14      0.00000      1.00000
       1.10897696      9470.02  4.82467e+14      0.00000      1.00000
       1.25359845      9638.63  5.43915e+14      0.00000      1.00000
       1.39821994      9808.44  6.09070e+14      0.00000      1.00000
   1.97323e+13  1.03946e+02  1.47541e+00  4.45411e-01  3.06315e-01  6.41785e+08
   2.52356e+13  1.56761e+02  2.29403e+00  6.99987e-01  4.83777e-01  8.11321e+08
   3.23719e+13  2.46699e+02  3.74945e+00  1.15934e+00  8.06177e-01  1.07240e+09
   4.16009e+13  4.01111e+02  6.36773e+00  1.99917e+00  1.40002e+00  1.46697e+09
   5.34240e+13  6.64203e+02  1.10526e+01  3.52766e+00  2.48933e+00  2.04743e+09
   6.83752e+13  1.10851e+03  1.93755e+01  6.29137e+00  4.47506e+00  2.88749e+09
   8.70454e+13  1.84689e+03  3.39307e+01  1.12114e+01  8.03931e+00  4.07758e+09
   1.10015e+14  3.04750e+03  5.88219e+01  1.97748e+01  1.42937e+01  5.72457e+09
   1.38005e+14  4.95077e+03  1.00245e+02  3.42698e+01  2.49640e+01  7.94202e+09
   1.71887e+14  7.89956e+03  1.67461e+02  5.81752e+01  4.26940e+01  1.08610e+10
   2.12660e+14  1.23736e+04  2.74020e+02  9.66597e+01  7.14411e+01  1.46319e+10
   2.61519e+14  1.90386e+04  4.39483e+02  1.57295e+02  1.17040e+02  1.94279e+10
   3.19890e+14  2.88129e+04  6.91856e+02  2.51061e+02  1.88008e+02  2.54521e+10
   3.89475e+14  4.29593e+04  1.07098e+03  3.93773e+02  2.96676e+02  3.29441e+10
   4.71627e+14  6.30224e+04  1.62797e+03  6.06057e+02  4.59250e+02  4.21080e+10
   5.69158e+14  9.15917e+04  2.44882e+03  9.22692e+02  7.03095e+02  5.34349e+10
   6.84797e+14  1.32354e+05  3.66074e+03  1.39580e+03  1.06947e+03  6.75446e+10
   8.21578e+14  1.90847e+05  5.46146e+03  2.10737e+03  1.62360e+03  8.53273e+10
   9.81808e+14  2.76481e+05  8.19915e+03  3.20346e+03  2.48237e+03  1.08472e+11
   1.16766e+15  4.05968e+05  1.25183e+04  4.95827e+03  3.86655e+03  1.39920e+11
   1.38234e+15  6.07424e+05  1.95606e+04  7.86605e+03  6.17734e+03  1.83874e+11
   1.62738e+15  9.30038e+05  3.14432e+04  1.28617e+04  1.01805e+04  2.46966e+11
   1.89718e+15  1.48485e+06  5.32105e+04  2.22137e+04  1.77495e+04  3.44778e+11
   2.18426e+15  2.49276e+06  9.57918e+04  4.09797e+04  3.31168e+04  5.02766e+11
   2.48020e+15  4.40425e+06  1.83687e+05  8.08654e+04  6.62221e+04  7.63457e+11
   2.77829e+15  8.17346e+06  3.74293e+05  1.70258e+05  1.41555e+05  1.20052e+12
   3.03542e+15  1.63021e+07  8.34559e+05  3.94726e+05  3.34160e+05  1.99126e+12
   3.24326e+15  3.53259e+07  2.06146e+06  1.02074e+06  8.82649e+05  3.49739e+12
   3.35640e+15  8.38737e+07  5.70810e+06  2.98269e+06  2.64423e+06  6.55285e+12
   3.38528e+15  2.17064e+08  1.75889e+07  9.76968e+06  8.90940e+06  1.30363e+13
   3.29393e+15  6.18904e+08  6.11984e+07  3.64456e+07  3.43258e+07  2.78864e+13
   3.04511e+15  1.93655e+09  2.39997e+08  1.54679e+08  1.51110e+08  6.43760e+13
   2.67630e+15  6.38552e+09  1.01091e+09  7.09834e+08  7.21514e+08  1.56303e+14
   2.40456e+15  1.11473e+10  1.99574e+09  1.46301e+09  1.51701e+09  2.39354e+14
   2.21668e+15  1.52555e+10  2.93859e+09  2.21005e+09  2.31896e+09  3.05905e+14
   2.06249e+15  1.91316e+10  3.89467e+09  2.98632e+09  3.16166e+09  3.66385e+14
   1.91768e+15  2.27778e+10  4.85418e+09  3.78217e+09  4.03405e+09  4.22775e+14
   1.78037e+15  2.66046e+10  5.91595e+09  4.67856e+09  5.02463e+09  4.81378e+14
   1.64643e+15  3.06149e+10  7.08898e+09  5.68624e+09  6.14703e+09  5.42800e+14
   1.51471e+15  3.48371e+10  8.39053e+09  6.82362e+09  7.42377e+09  6.07926e+14
