MARCS MODEL ATMOSPHERE, TEFF=   6500.00
 TAU(5000) SCALE
      4.50000
          40
      -4.60883999      4771.46  9.50289e+10      0.00000      1.00000
      -4.45401716      4798.41  1.16282e+11      0.00000      1.00000
      -4.29919386      4830.70  1.42912e+11      0.00000      1.00000
      -4.14437056      4866.01  1.75904e+11      0.00000      1.00000
      -3.98954773      4902.68  2.16398e+11      0.00000      1.00000
      -3.83472466      4940.36  2.65922e+11      0.00000      1.00000
      -3.67990160      4978.58  3.26233e+11      0.00000      1.00000
      -3.52507854      5016.91  3.99591e+11      0.00000      1.00000
      -3.37025547      5055.10  4.88585e+11      0.00000      1.00000
      -3.21543241      5092.94  5.96238e+11      0.00000      1.00000
      -3.06060934      5129.89  7.25523e+11      0.00000      1.00000
      -2.90578628      5165.82  8.80543e+11      0.00000      1.00000
      -2.75096297      5200.75  1.06622e+12      0.00000      1.00000
      -2.59613991      5234.71  1.28827e+12      0.00000      1.00000
      -2.44131684      5267.72  1.55330e+12      0.00000      1.00000
      -2.28649378      5300.34  1.87055e+12      0.00000      1.00000
      -2.13167071      5333.55  2.25327e+12      0.00000      1.00000
      -1.97684765      5368.18  2.71808e+12      0.00000      1.00000
      -1.82202458      5405.15  3.28726e+12      0.00000      1.00000
      -1.66720152      5448.97  4.00822e+12      0.00000      1.00000
      -1.51237845      5500.10  4.93125e+12      0.00000      1.00000
      -1.35755539      5560.55  6.14000e+12      0.00000      1.00000
      -1.20273232      5632.53  7.76332e+12      0.00000      1.00000
      -1.04790926      5724.26  1.00953e+13      0.00000      1.00000
      -0.89308614      5838.54  1.35882e+13      0.00000      1.00000
      -0.73826307      5979.30  1.90700e+13      0.00000      1.00000
      -0.58344001      6147.02  2.79222e+13      0.00000      1.00000
      -0.42861691      6358.42  4.36605e+13      0.00000      1.00000
      -0.27379385      6627.12  7.37573e+13      0.00000      1.00000
      -0.11897076      6956.62  1.33359e+14      0.00000      1.00000
       0.03585231      7373.23  2.60115e+14      0.00000      1.00000
       0.19067538      7941.18  5.74364e+14      0.00000      1.00000
       0.34549847      8512.58  1.15011e+15      0.00000      1.00000
       0.50032151      8910.69  1.77052e+15      0.00000      1.00000
       0.65514463      9208.98  2.38909e+15      0.00000      1.00000
       0.80996770      9459.95  3.03592e+15      0.00000      1.00000
       0.96479076      9681.32  3.71522e+15      0.00000      1.00000
       1.11961389      9891.14  4.47393e+15      0.00000      1.00000
       1.27443695     10095.11  5.33009e+15      0.00000      1.00000
       1.42926002     10300.43  6.32565e+15      0.00000      1.00000
   6.13729e+14  4.14700e+04  9.44161e+02  3.36294e+02  2.49672e+02  2.24296e+10
   7.54153e+14  5.85748e+04  1.36844e+03  4.91834e+02  3.66678e+02  2.73508e+10
   9.22993e+14  8.45375e+04  2.03621e+03  7.39703e+02  5.54206e+02  3.42755e+10
   1.12602e+15  1.23202e+05  3.06684e+03  1.12702e+03  8.48909e+02  4.35338e+10
   1.37009e+15  1.79812e+05  4.62936e+03  1.72139e+03  1.30371e+03  5.54970e+10
   1.66240e+15  2.62287e+05  6.98697e+03  2.62925e+03  2.00231e+03  7.08548e+10
   2.01178e+15  3.81494e+05  1.05145e+04  4.00415e+03  3.06624e+03  9.03542e+10
   2.43060e+15  5.52703e+05  1.57543e+04  6.07060e+03  4.67405e+03  1.14855e+11
   2.93262e+15  7.96983e+05  2.34797e+04  9.15256e+03  7.08479e+03  1.45390e+11
   3.53454e+15  1.14305e+06  3.47774e+04  1.37102e+04  1.06682e+04  1.83110e+11
   4.25513e+15  1.62684e+06  5.10553e+04  2.03469e+04  1.59122e+04  2.28936e+11
   5.12051e+15  2.29838e+06  7.43056e+04  2.99223e+04  2.35135e+04  2.84103e+11
   6.16152e+15  3.22571e+06  1.07300e+05  4.36420e+04  3.44533e+04  3.50158e+11
   7.41492e+15  4.49955e+06  1.53822e+05  6.31654e+04  5.00876e+04  4.28827e+11
   8.92461e+15  6.23992e+06  2.18989e+05  9.07552e+04  7.22716e+04  5.22000e+11
   1.07425e+16  8.62476e+06  3.10536e+05  1.29853e+05  1.03837e+05  6.33270e+11
   1.29312e+16  1.19304e+07  4.40759e+05  1.85976e+05  1.49336e+05  7.68915e+11
   1.55624e+16  1.65676e+07  6.28518e+05  2.67671e+05  2.15862e+05  9.37571e+11
   1.87194e+16  2.31720e+07  9.03957e+05  3.88755e+05  3.14931e+05  1.15205e+12
   2.24588e+16  3.31545e+07  1.33626e+06  5.81268e+05  4.73380e+05  1.45121e+12
   2.68722e+16  4.85442e+07  2.03106e+06  8.95140e+05  7.33423e+05  1.87359e+12
   3.20338e+16  7.31223e+07  3.19486e+06  1.42957e+06  1.17955e+06  2.49125e+12
   3.79845e+16  1.13808e+08  5.22937e+06  2.38155e+06  1.98114e+06  3.42353e+12
   4.46141e+16  1.87186e+08  9.15439e+06  4.26106e+06  3.58064e+06  4.96411e+12
   5.17964e+16  3.25730e+08  1.71697e+07  8.20431e+06  6.97842e+06  7.56721e+12
   5.92323e+16  6.00279e+08  3.45649e+07  1.70352e+07  1.46987e+07  1.20770e+13
   6.66560e+16  1.15929e+09  7.37748e+07  3.76550e+07  3.30212e+07  1.98869e+13
   7.32787e+16  2.41724e+09  1.73188e+08  9.21405e+07  8.23681e+07  3.45524e+13
   7.82028e+16  5.48687e+09  4.52084e+08  2.52578e+08  2.30960e+08  6.35805e+13
   8.15887e+16  1.33381e+10  1.28533e+09  7.58583e+08  7.11485e+08  1.22019e+14
   8.19822e+16  3.50483e+10  4.03555e+09  2.53483e+09  2.44701e+09  2.47530e+14
   7.91048e+16  1.06591e+11  1.51805e+10  1.02718e+10  1.02634e+10  5.60148e+14
   7.58980e+16  2.78107e+11  4.76685e+10  3.44154e+10  3.54348e+10  1.13394e+15
   7.35093e+16  5.01291e+11  9.63977e+10  7.24557e+10  7.60052e+10  1.75286e+15
   7.18127e+16  7.52998e+11  1.56809e+11  1.21196e+11  1.28784e+11  2.37022e+15
   7.06813e+16  1.04224e+12  2.31189e+11  1.82675e+11  1.96109e+11  3.01590e+15
   6.97904e+16  1.36993e+12  3.20408e+11  2.57911e+11  2.79264e+11  3.69410e+15
   6.93127e+16  1.76335e+12  4.32712e+11  3.54213e+11  3.86535e+11  4.45161e+15
   6.90697e+16  2.23774e+12  5.74269e+11  4.77514e+11  5.24880e+11  5.30646e+15
   6.90576e+16  2.82635e+12  7.57401e+11  6.39403e+11  7.07772e+11  6.30055e+15
