MARCS MODEL ATMOSPHERE, TEFF=   7000.00
 TAU(5000) SCALE
      4.50000
          40
      -4.63655996      5122.69  1.47411e+11      0.00000      1.00000
      -4.48147297      5153.44  1.82369e+11      0.00000      1.00000
      -4.32638597      5188.87  2.26660e+11      0.00000      1.00000
      -4.17129946      5226.48  2.81545e+11      0.00000      1.00000
      -4.01621246      5264.56  3.48367e+11      0.00000      1.00000
      -3.86112547      5302.95  4.29345e+11      0.00000      1.00000
      -3.70603848      5341.60  5.27414e+11      0.00000      1.00000
      -3.55095148      5380.43  6.46391e+11      0.00000      1.00000
      -3.39586473      5419.35  7.90481e+11      0.00000      1.00000
      -3.24077773      5458.27  9.64639e+11      0.00000      1.00000
      -3.08569074      5496.92  1.17362e+12      0.00000      1.00000
      -2.93060374      5535.15  1.42448e+12      0.00000      1.00000
      -2.77551699      5572.89  1.72503e+12      0.00000      1.00000
      -2.62042999      5610.12  2.08444e+12      0.00000      1.00000
      -2.46534300      5646.73  2.51272e+12      0.00000      1.00000
      -2.31025624      5683.16  3.02513e+12      0.00000      1.00000
      -2.15516925      5720.11  3.64313e+12      0.00000      1.00000
      -2.00008225      5758.34  4.39480e+12      0.00000      1.00000
      -1.84499538      5799.06  5.32195e+12      0.00000      1.00000
      -1.68990850      5846.17  6.51110e+12      0.00000      1.00000
      -1.53482151      5900.42  8.05566e+12      0.00000      1.00000
      -1.37973464      5964.14  1.01152e+13      0.00000      1.00000
      -1.22464764      6039.87  1.29407e+13      0.00000      1.00000
      -1.06956077      6137.87  1.71225e+13      0.00000      1.00000
      -0.91447383      6258.14  2.33922e+13      0.00000      1.00000
      -0.75938690      6406.84  3.32625e+13      0.00000      1.00000
      -0.60430002      6586.31  4.93047e+13      0.00000      1.00000
      -0.44921306      6814.97  7.75547e+13      0.00000      1.00000
      -0.29412612      7110.17  1.31126e+14      0.00000      1.00000
      -0.13903923      7481.00  2.37147e+14      0.00000      1.00000
       0.01604769      7955.18  4.61199e+14      0.00000      1.00000
       0.17113461      8645.06  1.04110e+15      0.00000      1.00000
       0.32622153      9186.44  1.80904e+15      0.00000      1.00000
       0.48130846      9543.72  2.51054e+15      0.00000      1.00000
       0.63639539      9819.18  3.17689e+15      0.00000      1.00000
       0.79148233     10057.83  3.85380e+15      0.00000      1.00000
       0.94656926     10283.25  4.58461e+15      0.00000      1.00000
       1.10165620     10499.55  5.38510e+15      0.00000      1.00000
       1.25674307     10709.21  6.25889e+15      0.00000      1.00000
       1.41182995     10917.63  7.23141e+15      0.00000      1.00000
   3.79575e+14  1.40485e+05  4.38242e+03  1.74284e+03  1.36165e+03  9.60106e+10
   4.77046e+14  2.02665e+05  6.48565e+03  2.60243e+03  2.04166e+03  1.18279e+11
   5.93285e+14  2.94839e+05  9.71341e+03  3.93741e+03  3.10355e+03  1.47385e+11
   7.31865e+14  4.28579e+05  1.45552e+04  5.96316e+03  4.72349e+03  1.84158e+11
   8.97063e+14  6.18792e+05  2.16621e+04  8.96953e+03  7.13987e+03  2.29431e+11
   1.09305e+15  8.87252e+05  3.20106e+04  1.33950e+04  1.07148e+04  2.84894e+11
   1.32581e+15  1.26482e+06  4.70182e+04  1.98821e+04  1.59811e+04  3.52727e+11
   1.60407e+15  1.79560e+06  6.87550e+04  2.93766e+04  2.37263e+04  4.35658e+11
   1.93682e+15  2.53910e+06  1.00110e+05  4.32138e+04  3.50678e+04  5.36776e+11
   2.33492e+15  3.57675e+06  1.45148e+05  6.32904e+04  5.16004e+04  6.59696e+11
   2.80896e+15  5.01161e+06  2.09200e+05  9.21255e+04  7.54539e+04  8.07892e+11
   3.37773e+15  6.99254e+06  3.00040e+05  1.33408e+05  1.09754e+05  9.86146e+11
   4.06118e+15  9.71759e+06  4.28302e+05  1.92234e+05  1.58839e+05  1.19988e+12
   4.88338e+15  1.34533e+07  6.08630e+05  2.75677e+05  2.28751e+05  1.45539e+12
   5.87212e+15  1.85485e+07  8.60664e+05  3.93307e+05  3.27699e+05  1.75943e+12
   7.06260e+15  2.55163e+07  1.21380e+06  5.59534e+05  4.68081e+05  2.12300e+12
   8.49664e+15  3.51179e+07  1.71269e+06  7.96423e+05  6.68946e+05  2.56249e+12
   1.02215e+16  4.84673e+07  2.42463e+06  1.13757e+06  9.59431e+05  3.10015e+12
   1.22892e+16  6.73190e+07  3.45892e+06  1.63808e+06  1.38756e+06  3.77112e+12
   1.47283e+16  9.51030e+07  5.03762e+06  2.41129e+06  2.05263e+06  4.65668e+12
   1.75902e+16  1.36819e+08  7.50148e+06  3.63422e+06  3.11097e+06  5.84257e+12
   2.09099e+16  2.01509e+08  1.14955e+07  5.64710e+06  4.86522e+06  7.48117e+12
   2.47121e+16  3.05435e+08  1.82459e+07  9.10888e+06  7.90649e+06  9.81596e+12
   2.88046e+16  4.86797e+08  3.08147e+07  1.56987e+07  1.37550e+07  1.34473e+13
   3.31224e+16  8.10849e+08  5.49733e+07  2.86873e+07  2.54163e+07  1.91045e+13
   3.75001e+16  1.42390e+09  1.04711e+08  5.62192e+07  5.04692e+07  2.83009e+13
   4.19557e+16  2.63537e+09  2.12734e+08  1.18005e+08  1.07547e+08  4.35828e+13
   4.57050e+16  5.24637e+09  4.73526e+08  2.73135e+08  2.53474e+08  7.10282e+13
   4.82570e+16  1.13917e+10  1.17506e+09  7.10214e+08  6.73501e+08  1.23739e+14
   4.96869e+16  2.67675e+10  3.21692e+09  2.05114e+09  1.99386e+09  2.28751e+14
   4.93811e+16  6.83079e+10  9.77562e+09  6.62588e+09  6.62566e+09  4.51603e+14
   4.59489e+16  2.08346e+11  3.71484e+10  2.71930e+10  2.81781e+10  1.02999e+15
   4.32492e+16  4.39417e+11  9.09742e+10  7.01692e+10  7.44924e+10  1.79662e+15
   4.13441e+16  6.80414e+11  1.54030e+11  1.22577e+11  1.32025e+11  2.49724e+15
   3.98754e+16  9.29281e+11  2.24365e+11  1.82622e+11  1.98762e+11  3.16284e+15
   3.86351e+16  1.19848e+12  3.05100e+11  2.52982e+11  2.77714e+11  3.83906e+15
   3.74735e+16  1.50453e+12  4.01752e+11  3.38740e+11  3.74744e+11  4.56915e+15
   3.65049e+16  1.85779e+12  5.18348e+11  4.43816e+11  4.94494e+11  5.36885e+15
   3.56423e+16  2.26180e+12  6.57396e+11  5.70980e+11  6.40404e+11  6.24178e+15
   3.48621e+16  2.73190e+12  8.25668e+11  7.27006e+11  8.20578e+11  7.21333e+15
