MARCS MODEL ATMOSPHERE, TEFF=   5500.00
 TAU(5000) SCALE
      4.50000
          40
      -4.53018999      3928.30  5.94553e+10      0.00000      1.00000
      -4.37590361      3967.68  7.29796e+10      0.00000      1.00000
      -4.22161722      4011.62  8.98848e+10      0.00000      1.00000
      -4.06733084      4056.81  1.10708e+11      0.00000      1.00000
      -3.91304445      4101.01  1.36053e+11      0.00000      1.00000
      -3.75875783      4143.83  1.66775e+11      0.00000      1.00000
      -3.60447145      4184.62  2.03744e+11      0.00000      1.00000
      -3.45018506      4223.85  2.48300e+11      0.00000      1.00000
      -3.29589868      4261.54  3.01901e+11      0.00000      1.00000
      -3.14161229      4297.75  3.66274e+11      0.00000      1.00000
      -2.98732591      4332.52  4.43458e+11      0.00000      1.00000
      -2.83303952      4365.48  5.35550e+11      0.00000      1.00000
      -2.67875314      4397.19  6.45641e+11      0.00000      1.00000
      -2.52446675      4427.90  7.77199e+11      0.00000      1.00000
      -2.37018037      4457.86  9.34394e+11      0.00000      1.00000
      -2.21589375      4487.43  1.12227e+12      0.00000      1.00000
      -2.06160736      4517.60  1.34758e+12      0.00000      1.00000
      -1.90732110      4549.50  1.61952e+12      0.00000      1.00000
      -1.75303459      4584.35  1.94994e+12      0.00000      1.00000
      -1.59874821      4623.43  2.35448e+12      0.00000      1.00000
      -1.44446182      4670.55  2.85884e+12      0.00000      1.00000
      -1.29017544      4727.76  3.49462e+12      0.00000      1.00000
      -1.13588893      4796.44  4.30233e+12      0.00000      1.00000
      -0.98160255      4878.68  5.33896e+12      0.00000      1.00000
      -0.82731616      4978.81  6.69022e+12      0.00000      1.00000
      -0.67302972      5110.44  8.53171e+12      0.00000      1.00000
      -0.51874334      5262.28  1.10308e+13      0.00000      1.00000
      -0.36445692      5461.33  1.49653e+13      0.00000      1.00000
      -0.21017051      5702.55  2.18787e+13      0.00000      1.00000
      -0.05588410      6001.83  3.68131e+13      0.00000      1.00000
       0.09840229      6356.14  7.00832e+13      0.00000      1.00000
       0.25268871      6794.66  1.51444e+14      0.00000      1.00000
       0.40697512      7302.48  3.42397e+14      0.00000      1.00000
       0.56126153      7743.42  6.48264e+14      0.00000      1.00000
       0.71554792      8090.85  1.02749e+15      0.00000      1.00000
       0.86983436      8380.82  1.47444e+15      0.00000      1.00000
       1.02412081      8629.15  1.97546e+15      0.00000      1.00000
       1.17840719      8860.04  2.56962e+15      0.00000      1.00000
       1.33269358      9079.24  3.26942e+15      0.00000      1.00000
       1.48697996      9291.25  4.09701e+15      0.00000      1.00000
   7.97453e+14  2.62609e+02  2.23071e+00  5.62672e-01  3.56075e-01  2.87947e+07
   9.68296e+14  4.30010e+02  3.86067e+00  9.92868e-01  6.33978e-01  4.30762e+07
   1.17409e+15  7.22908e+02  6.89521e+00  1.81123e+00  1.16792e+00  6.66518e+07
   1.42346e+15  1.21746e+03  1.23410e+01  3.31153e+00  2.15651e+00  1.03405e+08
   1.72633e+15  2.02200e+03  2.17251e+01  5.94963e+00  3.91118e+00  1.57721e+08
   2.09395e+15  3.30476e+03  3.75237e+01  1.04768e+01  6.94915e+00  2.35913e+08
   2.53912e+15  5.29371e+03  6.32872e+01  1.79918e+01  1.20339e+01  3.44420e+08
   3.07892e+15  8.34723e+03  1.04766e+02  3.02951e+01  2.04233e+01  4.93252e+08
   3.73326e+15  1.29679e+04  1.70406e+02  5.00740e+01  3.40090e+01  6.93699e+08
   4.52627e+15  1.98674e+04  2.72628e+02  8.13364e+01  5.56309e+01  9.59138e+08
   5.48722e+15  3.00427e+04  4.29482e+02  1.29981e+02  8.94933e+01  1.30521e+09
   6.65039e+15  4.47502e+04  6.64639e+02  2.03857e+02  1.41229e+02  1.74415e+09
   8.05979e+15  6.59464e+04  1.01557e+03  3.15467e+02  2.19836e+02  2.30049e+09
   9.76756e+15  9.63203e+04  1.53549e+03  4.82776e+02  3.38316e+02  3.00175e+09
   1.18367e+16  1.39696e+05  2.30230e+03  7.32348e+02  5.15982e+02  3.88383e+09
   1.43422e+16  2.01621e+05  3.43227e+03  1.10423e+03  7.82090e+02  4.99680e+09
   1.73704e+16  2.91220e+05  5.12190e+03  1.66674e+03  1.18675e+03  6.43880e+09
   2.10285e+16  4.23647e+05  7.70885e+03  2.53862e+03  1.81753e+03  8.37456e+09
   2.54390e+16  6.24569e+05  1.17888e+04  3.93229e+03  2.83208e+03  1.10798e+10
   3.07446e+16  9.38901e+05  1.84527e+04  6.24277e+03  4.52566e+03  1.50262e+10
   3.70815e+16  1.46611e+06  3.02258e+04  1.03984e+04  7.59685e+03  2.13858e+10
   4.46139e+16  2.39695e+06  5.23037e+04  1.83549e+04  1.35337e+04  3.22673e+10
   5.35393e+16  4.11643e+06  9.59885e+04  3.44768e+04  2.56958e+04  5.18360e+10
   6.40868e+16  7.46908e+06  1.88113e+05  6.94124e+04  5.23830e+04  8.93198e+10
   7.64559e+16  1.45145e+07  4.00123e+05  1.52386e+05  1.16696e+05  1.68033e+11
   9.06560e+16  3.17455e+07  9.80198e+05  3.88417e+05  3.02960e+05  3.67561e+11
   1.07100e+17  7.31623e+07  2.55660e+06  1.05793e+06  8.41880e+05  8.55463e+11
   1.25507e+17  1.94613e+08  7.91539e+06  3.45415e+06  2.81718e+06  2.33075e+12
   1.43897e+17  5.58040e+08  2.68962e+07  1.24556e+07  1.04419e+07  6.62208e+12
   1.60996e+17  1.75747e+09  1.02600e+08  5.08103e+07  4.39392e+07  1.89052e+13
   1.71600e+17  5.62291e+09  4.02367e+08  2.13977e+08  1.91244e+08  4.99936e+13
   1.74786e+17  1.90482e+10  1.70280e+09  9.78894e+08  9.07015e+08  1.29499e+14
   1.73047e+17  6.33245e+10  7.08436e+09  4.40523e+09  4.23282e+09  3.18428e+14
   1.70845e+17  1.57331e+11  2.08818e+10  1.37852e+10  1.36175e+10  6.22109e+14
   1.69385e+17  3.00692e+11  4.50670e+10  3.10441e+10  3.12763e+10  9.99227e+14
   1.69350e+17  4.98695e+11  8.20872e+10  5.84309e+10  5.97686e+10  1.44400e+15
   1.69670e+17  7.50157e+11  1.33130e+11  9.72935e+10  1.00742e+11  1.94291e+15
   1.71538e+17  1.08425e+12  2.05589e+11  1.53769e+11  1.60935e+11  2.53468e+15
   1.74210e+17  1.52023e+12  3.05996e+11  2.33701e+11  2.46970e+11  3.23190e+15
   1.77721e+17  2.08810e+12  4.44100e+11  3.45780e+11  3.68687e+11  4.05663e+15
