MARCS MODEL ATMOSPHERE, TEFF=   6000.00
 TAU(5000) SCALE
      5.00000
          40
      -4.59676981      4402.08  1.40509e+11      0.00000      1.00000
      -4.44098806      4428.29  1.69267e+11      0.00000      1.00000
      -4.28520584      4458.98  2.04372e+11      0.00000      1.00000
      -4.12942362      4492.04  2.47151e+11      0.00000      1.00000
      -3.97364187      4526.04  2.99183e+11      0.00000      1.00000
      -3.81785965      4560.81  3.62360e+11      0.00000      1.00000
      -3.66207767      4595.96  4.38870e+11      0.00000      1.00000
      -3.50629568      4631.08  5.31357e+11      0.00000      1.00000
      -3.35051370      4665.92  6.42993e+11      0.00000      1.00000
      -3.19473147      4700.26  7.77532e+11      0.00000      1.00000
      -3.03894949      4733.65  9.39197e+11      0.00000      1.00000
      -2.88316751      4765.92  1.13309e+12      0.00000      1.00000
      -2.72738528      4797.27  1.36556e+12      0.00000      1.00000
      -2.57160330      4827.84  1.64411e+12      0.00000      1.00000
      -2.41582131      4857.86  1.97775e+12      0.00000      1.00000
      -2.26003933      4888.07  2.37754e+12      0.00000      1.00000
      -2.10425711      4919.47  2.85858e+12      0.00000      1.00000
      -1.94847512      4952.92  3.43947e+12      0.00000      1.00000
      -1.79269314      4989.46  4.14412e+12      0.00000      1.00000
      -1.63691103      5031.51  5.00749e+12      0.00000      1.00000
      -1.48112893      5082.22  6.08100e+12      0.00000      1.00000
      -1.32534695      5142.85  7.43008e+12      0.00000      1.00000
      -1.16956484      5215.80  9.15274e+12      0.00000      1.00000
      -1.01378286      5303.54  1.13923e+13      0.00000      1.00000
      -0.85800081      5418.60  1.45213e+13      0.00000      1.00000
      -0.70221871      5561.93  1.91403e+13      0.00000      1.00000
      -0.54643667      5729.56  2.61273e+13      0.00000      1.00000
      -0.39065462      5942.27  3.86221e+13      0.00000      1.00000
      -0.23487255      6205.66  6.29561e+13      0.00000      1.00000
      -0.07909050      6525.71  1.13027e+14      0.00000      1.00000
       0.07669155      6916.71  2.22528e+14      0.00000      1.00000
       0.23247358      7416.61  4.85331e+14      0.00000      1.00000
       0.38825566      7886.90  9.40735e+14      0.00000      1.00000
       0.54403770      8264.54  1.52442e+15      0.00000      1.00000
       0.69981974      8576.65  2.21157e+15      0.00000      1.00000
       0.85560179      8848.66  3.00839e+15      0.00000      1.00000
       1.01138389      9091.62  3.90909e+15      0.00000      1.00000
       1.16716588      9322.31  4.97599e+15      0.00000      1.00000
       1.32294798      9544.95  6.23473e+15      0.00000      1.00000
       1.47872996      9762.92  7.72616e+15      0.00000      1.00000
   1.35061e+15  1.13861e+04  1.76318e+02  5.48760e+01  3.82751e+01  1.84552e+09
   1.63467e+15  1.61578e+04  2.57691e+02  8.10335e+01  5.67900e+01  2.31290e+09
   1.97841e+15  2.35051e+04  3.87859e+02  1.23429e+02  8.69804e+01  2.99374e+09
   2.39566e+15  3.46016e+04  5.91995e+02  1.90792e+02  1.35241e+02  3.93271e+09
   2.90307e+15  5.11094e+04  9.07074e+02  2.96112e+02  2.11147e+02  5.18431e+09
   3.51913e+15  7.56233e+04  1.39261e+03  4.60528e+02  3.30355e+02  6.84678e+09
   4.26582e+15  1.11791e+05  2.13570e+03  7.15404e+02  5.16252e+02  9.03173e+09
   5.17045e+15  1.64718e+05  3.26273e+03  1.10685e+03  8.03421e+02  1.18656e+10
   6.26612e+15  2.41599e+05  4.95776e+03  1.70281e+03  1.24310e+03  1.55004e+10
   7.59293e+15  3.52355e+05  7.48294e+03  2.60117e+03  1.90952e+03  2.01061e+10
   9.19870e+15  5.09854e+05  1.11898e+04  3.93478e+03  2.90396e+03  2.58284e+10
   1.11420e+16  7.31480e+05  1.65652e+04  5.88921e+03  4.36850e+03  3.28321e+10
   1.34948e+16  1.04201e+06  2.43174e+04  8.73665e+03  6.51230e+03  4.13717e+10
   1.63433e+16  1.47537e+06  3.54412e+04  1.28628e+04  9.63297e+03  5.17480e+10
   1.97918e+16  2.07891e+06  5.13603e+04  1.88243e+04  1.41618e+04  6.43559e+10
   2.39586e+16  2.92552e+06  7.43198e+04  2.75064e+04  2.07871e+04  7.99598e+10
   2.89950e+16  4.13207e+06  1.08018e+05  4.03807e+04  3.06583e+04  9.98597e+10
   3.50767e+16  5.88094e+06  1.58433e+05  5.98547e+04  4.56657e+04  1.25984e+11
   4.24107e+16  8.47016e+06  2.35701e+05  9.00617e+04  6.90735e+04  1.61429e+11
   5.12241e+16  1.24733e+07  3.60075e+05  1.39364e+05  1.07524e+05  2.12861e+11
   6.17716e+16  1.90205e+07  5.73470e+05  2.25359e+05  1.75100e+05  2.93456e+11
   7.43591e+16  3.01306e+07  9.55822e+05  3.82358e+05  2.99543e+05  4.24461e+11
   8.93026e+16  4.99247e+07  1.68101e+06  6.86631e+05  5.43132e+05  6.49252e+11
   1.06848e+17  8.69485e+07  3.13841e+06  1.31350e+06  1.05076e+06  1.05578e+12
   1.27216e+17  1.66276e+08  6.55221e+06  2.82779e+06  2.29453e+06  1.91599e+12
   1.50574e+17  3.45519e+08  1.51111e+07  6.76390e+06  5.58184e+06  3.79017e+12
   1.75100e+17  7.48839e+08  3.67521e+07  1.71281e+07  1.44013e+07  7.74480e+12
   1.99916e+17  1.79093e+09  1.00795e+08  4.92811e+07  4.23648e+07  1.69405e+13
   2.21830e+17  4.62778e+09  3.04594e+08  1.57310e+08  1.38706e+08  3.80138e+13
   2.37411e+17  1.26204e+10  9.87752e+08  5.42016e+08  4.91516e+08  8.51411e+13
   2.45662e+17  3.64055e+10  3.44506e+09  2.02032e+09  1.88931e+09  1.91907e+14
   2.43567e+17  1.14377e+11  1.34006e+10  8.46860e+09  8.19826e+09  4.52027e+14
   2.41445e+17  2.93624e+11  4.10304e+10  2.75790e+10  2.74718e+10  9.04194e+14
   2.39440e+17  5.78039e+11  9.17102e+10  6.44455e+10  6.55290e+10  1.48476e+15
   2.39015e+17  9.71653e+11  1.69779e+11  1.23404e+11  1.27456e+11  2.16879e+15
   2.40195e+17  1.49236e+12  2.82073e+11  2.10739e+11  2.20446e+11  2.96235e+15
   2.41951e+17  2.14915e+12  4.34011e+11  3.31854e+11  3.50882e+11  3.85977e+15
   2.45720e+17  3.01221e+12  6.45695e+11  5.04128e+11  5.38211e+11  4.92295e+15
   2.50739e+17  4.13306e+12  9.35900e+11  7.44867e+11  8.02322e+11  6.17758e+15
   2.57089e+17  5.58941e+12  1.33226e+12  1.07952e+12  1.17249e+12  7.66442e+15
