MARCS MODEL ATMOSPHERE, TEFF=   6000.00
 TAU(5000) SCALE
      4.50000
          40
      -4.58331013      4392.01  7.91430e+10      0.00000      1.00000
      -4.42847586      4419.25  9.55624e+10      0.00000      1.00000
      -4.27364111      4451.16  1.15706e+11      0.00000      1.00000
      -4.11880684      4485.69  1.40384e+11      0.00000      1.00000
      -3.96397257      4521.37  1.70552e+11      0.00000      1.00000
      -3.80913830      4557.95  2.07342e+11      0.00000      1.00000
      -3.65430379      4594.88  2.52049e+11      0.00000      1.00000
      -3.49946952      4631.68  3.06245e+11      0.00000      1.00000
      -3.34463525      4668.10  3.71826e+11      0.00000      1.00000
      -3.18980074      4703.89  4.51037e+11      0.00000      1.00000
      -3.03496647      4738.65  5.46399e+11      0.00000      1.00000
      -2.88013196      4772.15  6.60931e+11      0.00000      1.00000
      -2.72529769      4804.61  7.98453e+11      0.00000      1.00000
      -2.57046342      4836.14  9.63425e+11      0.00000      1.00000
      -2.41562891      4866.93  1.16119e+12      0.00000      1.00000
      -2.26079464      4897.47  1.39807e+12      0.00000      1.00000
      -2.10596013      4928.80  1.68297e+12      0.00000      1.00000
      -1.95112586      4961.80  2.02671e+12      0.00000      1.00000
      -1.79629159      4997.45  2.44318e+12      0.00000      1.00000
      -1.64145720      5038.32  2.95291e+12      0.00000      1.00000
      -1.48662281      5087.14  3.58574e+12      0.00000      1.00000
      -1.33178842      5145.27  4.38119e+12      0.00000      1.00000
      -1.17695415      5214.99  5.39924e+12      0.00000      1.00000
      -1.02211976      5299.79  6.73617e+12      0.00000      1.00000
      -0.86728537      5410.07  8.63584e+12      0.00000      1.00000
      -0.71245104      5547.10  1.14951e+13      0.00000      1.00000
      -0.55761665      5707.90  1.59015e+13      0.00000      1.00000
      -0.40278229      5910.72  2.38063e+13      0.00000      1.00000
      -0.24794793      6164.97  3.92882e+13      0.00000      1.00000
      -0.09311358      6473.43  7.08100e+13      0.00000      1.00000
       0.06172077      6851.32  1.39011e+14      0.00000      1.00000
       0.21655513      7336.34  3.01996e+14      0.00000      1.00000
       0.37138951      7881.32  6.53349e+14      0.00000      1.00000
       0.52622384      8304.78  1.11291e+15      0.00000      1.00000
       0.68105823      8631.75  1.62701e+15      0.00000      1.00000
       0.83589256      8903.20  2.19116e+15      0.00000      1.00000
       0.99072695      9137.83  2.79880e+15      0.00000      1.00000
       1.14556134      9357.48  3.49530e+15      0.00000      1.00000
       1.30039561      9567.26  4.29280e+15      0.00000      1.00000
       1.45523000      9771.49  5.21408e+15      0.00000      1.00000
   7.22577e+14  5.72726e+03  8.76815e+01  2.71805e+01  1.89229e+01  1.60888e+09
   8.74509e+14  8.18397e+03  1.29206e+02  4.04864e+01  2.83272e+01  2.03110e+09
   1.05906e+15  1.20091e+04  1.96459e+02  6.23306e+01  4.38629e+01  2.65266e+09
   1.28372e+15  1.78623e+04  3.03500e+02  9.75777e+01  6.90897e+01  3.52210e+09
   1.55744e+15  2.66881e+04  4.71289e+02  1.53582e+02  1.09425e+02  4.69831e+09
   1.89009e+15  3.99589e+04  7.33627e+02  2.42349e+02  1.73761e+02  6.28137e+09
   2.29330e+15  5.97352e+04  1.13993e+03  3.81696e+02  2.75391e+02  8.38184e+09
   2.78151e+15  8.89068e+04  1.76215e+03  5.97920e+02  4.34052e+02  1.11246e+10
   3.37220e+15  1.31565e+05  2.70569e+03  9.30015e+02  6.79181e+02  1.46614e+10
   4.08651e+15  1.93361e+05  4.12121e+03  1.43439e+03  1.05360e+03  1.91620e+10
   4.94934e+15  2.81656e+05  6.21181e+03  2.18805e+03  1.61611e+03  2.47750e+10
   5.99120e+15  4.06279e+05  9.25601e+03  3.29759e+03  2.44847e+03  3.16556e+10
   7.24981e+15  5.81294e+05  1.36606e+04  4.91992e+03  3.67146e+03  4.00506e+10
   8.77012e+15  8.25723e+05  1.99906e+04  7.27506e+03  5.45519e+03  5.02355e+10
   1.06063e+16  1.16581e+06  2.90448e+04  1.06767e+04  8.04318e+03  6.25578e+10
   1.28196e+16  1.63980e+06  4.20174e+04  1.55979e+04  1.18041e+04  7.76016e+10
   1.54887e+16  2.31024e+06  6.09046e+04  2.28355e+04  1.73612e+04  9.65187e+10
   1.87049e+16  3.27306e+06  8.88776e+04  3.36705e+04  2.57216e+04  1.20973e+11
   2.25749e+16  4.68295e+06  1.31233e+05  5.02676e+04  3.85970e+04  1.53609e+11
   2.72144e+16  6.84085e+06  1.98646e+05  7.70429e+04  5.94978e+04  2.00381e+11
   3.27573e+16  1.03165e+07  3.12346e+05  1.22924e+05  9.55743e+04  2.72213e+11
   3.93604e+16  1.61225e+07  5.12476e+05  2.05150e+05  1.60769e+05  3.86618e+11
   4.71772e+16  2.62820e+07  8.84362e+05  3.61147e+05  2.85641e+05  5.78215e+11
   5.62953e+16  4.50927e+07  1.62287e+06  6.78515e+05  5.42534e+05  9.19546e+11
   6.68482e+16  8.44152e+07  3.30529e+06  1.42331e+06  1.15371e+06  1.61197e+12
   7.87725e+16  1.70763e+08  7.38999e+06  3.29568e+06  2.71509e+06  3.04581e+12
   9.09820e+16  3.59764e+08  1.74023e+07  8.06915e+06  6.76859e+06  5.91718e+12
   1.03036e+17  8.29931e+08  4.57987e+07  2.22382e+07  1.90564e+07  1.21833e+13
   1.13408e+17  2.08607e+09  1.34138e+08  6.87140e+07  6.03593e+07  2.60430e+13
   1.20650e+17  5.53980e+09  4.21977e+08  2.29367e+08  2.07085e+08  5.60564e+13
   1.24055e+17  1.56144e+10  1.43358e+09  8.31858e+08  7.74114e+08  1.22805e+14
   1.22538e+17  4.83245e+10  5.48165e+09  3.42520e+09  3.29854e+09  2.84232e+14
   1.19576e+17  1.43881e+11  2.00661e+10  1.34784e+10  1.34217e+10  6.33461e+14
   1.16575e+17  3.01649e+11  4.84777e+10  3.42192e+10  3.48671e+10  1.09112e+15
   1.14843e+17  5.09859e+11  9.05539e+10  6.61959e+10  6.85504e+10  1.60346e+15
   1.14019e+17  7.68905e+11  1.47554e+11  1.10826e+11  1.16216e+11  2.16591e+15
   1.13539e+17  1.07715e+12  2.20194e+11  1.69085e+11  1.79134e+11  2.77194e+15
   1.13918e+17  1.46474e+12  3.16768e+11  2.48084e+11  2.65236e+11  3.46667e+15
   1.14784e+17  1.94756e+12  4.43378e+11  3.53539e+11  3.81139e+11  4.26226e+15
   1.16140e+17  2.55198e+12  6.09473e+11  4.94191e+11  5.36921e+11  5.18145e+15
