MARCS MODEL ATMOSPHERE, TEFF=   6000.00
 TAU(5000) SCALE
      4.00000
          40
      -4.55779982      4381.79  4.37767e+10      0.00000      1.00000
      -4.40411186      4410.12  5.30705e+10      0.00000      1.00000
      -4.25042343      4443.29  6.45792e+10      0.00000      1.00000
      -4.09673548      4479.31  7.88010e+10      0.00000      1.00000
      -3.94304729      4516.70  9.63193e+10      0.00000      1.00000
      -3.78935909      4555.07  1.17821e+11      0.00000      1.00000
      -3.63567066      4593.82  1.44078e+11      0.00000      1.00000
      -3.48198247      4632.40  1.76041e+11      0.00000      1.00000
      -3.32829428      4670.49  2.14850e+11      0.00000      1.00000
      -3.17460608      4707.85  2.61854e+11      0.00000      1.00000
      -3.02091789      4744.12  3.18581e+11      0.00000      1.00000
      -2.86722970      4778.92  3.86742e+11      0.00000      1.00000
      -2.71354151      4812.56  4.68669e+11      0.00000      1.00000
      -2.55985332      4845.14  5.67023e+11      0.00000      1.00000
      -2.40616512      4876.85  6.84994e+11      0.00000      1.00000
      -2.25247693      4907.99  8.26283e+11      0.00000      1.00000
      -2.09878874      4939.66  9.96202e+11      0.00000      1.00000
      -1.94510055      4972.71  1.20133e+12      0.00000      1.00000
      -1.79141235      5008.14  1.45010e+12      0.00000      1.00000
      -1.63772404      5048.13  1.75481e+12      0.00000      1.00000
      -1.48403585      5095.79  2.13455e+12      0.00000      1.00000
      -1.33034766      5152.46  2.61504e+12      0.00000      1.00000
      -1.17665946      5220.30  3.23606e+12      0.00000      1.00000
      -1.02297127      5302.29  4.06149e+12      0.00000      1.00000
      -0.86928308      5409.15  5.26413e+12      0.00000      1.00000
      -0.71559489      5542.04  7.11463e+12      0.00000      1.00000
      -0.56190664      5697.72  1.00107e+13      0.00000      1.00000
      -0.40821847      5894.35  1.52385e+13      0.00000      1.00000
      -0.25453025      6142.34  2.54743e+13      0.00000      1.00000
      -0.10084207      6444.48  4.62699e+13      0.00000      1.00000
       0.05284614      6818.35  9.14579e+13      0.00000      1.00000
       0.20653434      7288.80  1.96497e+14      0.00000      1.00000
       0.36022258      7883.66  4.56955e+14      0.00000      1.00000
       0.51391077      8355.55  8.19883e+14      0.00000      1.00000
       0.66759896      8690.51  1.19686e+15      0.00000      1.00000
       0.82128716      8956.46  1.58745e+15      0.00000      1.00000
       0.97497541      9180.77  1.99015e+15      0.00000      1.00000
       1.12866354      9388.88  2.43825e+15      0.00000      1.00000
       1.28235173      9586.47  2.93791e+15      0.00000      1.00000
       1.43604004      9778.47  3.50243e+15      0.00000      1.00000
   3.82402e+14  2.84640e+03  4.30728e+01  1.32980e+01  9.24053e+00  1.41058e+09
   4.63716e+14  4.10556e+03  6.41553e+01  2.00308e+01  1.39917e+01  1.79543e+09
   5.63163e+14  6.09199e+03  9.87942e+01  3.12490e+01  2.19593e+01  2.36693e+09
   6.84873e+14  9.17836e+03  1.54869e+02  4.96705e+01  3.51295e+01  3.17693e+09
   8.33715e+14  1.39047e+04  2.44315e+02  7.94769e+01  5.65801e+01  4.28830e+09
   1.01502e+15  2.11099e+04  3.86394e+02  1.27507e+02  9.13763e+01  5.80175e+09
   1.23490e+15  3.19771e+04  6.09553e+02  2.04026e+02  1.47177e+02  7.83021e+09
   1.50108e+15  4.81701e+04  9.55438e+02  3.24276e+02  2.35432e+02  1.05000e+10
   1.82287e+15  7.20498e+04  1.48532e+03  5.10972e+02  3.73304e+02  1.39644e+10
   2.21147e+15  1.06879e+05  2.28691e+03  7.97055e+02  5.85832e+02  1.83930e+10
   2.68016e+15  1.56974e+05  3.48050e+03  1.22826e+03  9.07986e+02  2.39467e+10
   3.24452e+15  2.27892e+05  5.22584e+03  1.86603e+03  1.38699e+03  3.07619e+10
   3.92483e+15  3.27771e+05  7.76100e+03  2.80255e+03  2.09394e+03  3.90876e+10
   4.74479e+15  4.67512e+05  1.14141e+04  4.16612e+03  3.12822e+03  4.91894e+10
   5.73286e+15  6.62082e+05  1.66468e+04  6.13891e+03  4.63155e+03  6.13978e+10
   6.92123e+15  9.32398e+05  2.41216e+04  8.98464e+03  6.80992e+03  7.61822e+10
   8.35046e+15  1.31300e+06  3.49544e+04  1.31507e+04  1.00139e+04  9.45982e+10
   1.00684e+16  1.85646e+06  5.09016e+04  1.93491e+04  1.48044e+04  1.18143e+11
   1.21305e+16  2.64674e+06  7.48681e+04  2.87717e+04  2.21253e+04  1.49181e+11
   1.45958e+16  3.84034e+06  1.12464e+05  4.37472e+04  3.38309e+04  1.92684e+11
   1.75297e+16  5.74318e+06  1.75158e+05  6.91102e+04  5.37975e+04  2.58489e+11
   2.10105e+16  8.88685e+06  2.84164e+05  1.13991e+05  8.94167e+04  3.61467e+11
   2.51070e+16  1.43134e+07  4.83694e+05  1.97822e+05  1.56571e+05  5.30008e+11
   2.98387e+16  2.41533e+07  8.70960e+05  3.64393e+05  2.91457e+05  8.19921e+11
   3.52478e+16  4.43442e+07  1.73510e+06  7.46979e+05  6.05422e+05  1.38630e+12
   4.12175e+16  8.76301e+07  3.77866e+06  1.68303e+06  1.38572e+06  2.50413e+12
   4.71943e+16  1.79831e+08  8.63926e+06  3.99626e+06  3.34843e+06  4.62526e+12
   5.29332e+16  4.03304e+08  2.20278e+07  1.06575e+07  9.11736e+06  9.03529e+12
   5.76501e+16  9.88035e+08  6.27060e+07  3.19750e+07  2.80277e+07  1.84631e+13
   6.08398e+16  2.57329e+09  1.93054e+08  1.04378e+08  9.40061e+07  3.84743e+13
   6.20851e+16  7.18824e+09  6.49831e+08  3.75039e+08  3.48132e+08  8.28605e+13
   6.10479e+16  2.16703e+10  2.41072e+09  1.49609e+09  1.43623e+09  1.86981e+14
   5.86418e+16  7.08754e+10  9.89266e+09  6.64681e+09  6.61973e+09  4.46096e+14
   5.62625e+16  1.58754e+11  2.59257e+10  1.84033e+10  1.88005e+10  8.07833e+14
   5.47064e+16  2.66467e+11  4.81457e+10  3.54071e+10  3.67686e+10  1.18386e+15
   5.36915e+16  3.91860e+11  7.63074e+10  5.76080e+10  6.05533e+10  1.57361e+15
   5.28818e+16  5.33023e+11  1.10191e+11  8.49475e+10  9.01597e+10  1.97556e+15
   5.24291e+16  7.03249e+11  1.53282e+11  1.20375e+11  1.28861e+11  2.42284e+15
   5.21595e+16  9.07211e+11  2.07485e+11  1.65709e+11  1.78779e+11  2.92166e+15
   5.20590e+16  1.15385e+12  2.76008e+11  2.23927e+11  2.43352e+11  3.48526e+15
