MARCS MODEL ATMOSPHERE, TEFF=   4500.00
 TAU(5000) SCALE
      4.50000
          40
      -4.19999981      3066.64  1.90163e+10      0.00000      1.00000
      -4.05222559      3126.03  2.46633e+10      0.00000      1.00000
      -3.90445065      3184.85  3.19604e+10      0.00000      1.00000
      -3.75667620      3240.37  4.11508e+10      0.00000      1.00000
      -3.60890150      3291.04  5.24458e+10      0.00000      1.00000
      -3.46112704      3337.02  6.61299e+10      0.00000      1.00000
      -3.31335235      3378.77  8.25396e+10      0.00000      1.00000
      -3.16557765      3416.76  1.02071e+11      0.00000      1.00000
      -3.01780295      3451.56  1.25213e+11      0.00000      1.00000
      -2.87002850      3484.68  1.52929e+11      0.00000      1.00000
      -2.72225380      3516.81  1.86238e+11      0.00000      1.00000
      -2.57447934      3548.07  2.26225e+11      0.00000      1.00000
      -2.42670465      3578.39  2.74058e+11      0.00000      1.00000
      -2.27892995      3607.54  3.30973e+11      0.00000      1.00000
      -2.13115549      3635.98  3.98899e+11      0.00000      1.00000
      -1.98338079      3664.51  4.80614e+11      0.00000      1.00000
      -1.83560622      3693.74  5.79584e+11      0.00000      1.00000
      -1.68783152      3724.36  7.00454e+11      0.00000      1.00000
      -1.54005694      3758.33  8.51189e+11      0.00000      1.00000
      -1.39228237      3797.24  1.04268e+12      0.00000      1.00000
      -1.24450767      3842.28  1.28991e+12      0.00000      1.00000
      -1.09673309      3895.09  1.61548e+12      0.00000      1.00000
      -0.94895846      3957.92  2.05501e+12      0.00000      1.00000
      -0.80118382      4038.32  2.68278e+12      0.00000      1.00000
      -0.65340924      4136.96  3.58999e+12      0.00000      1.00000
      -0.50563461      4252.29  4.90151e+12      0.00000      1.00000
      -0.35786000      4398.71  6.89765e+12      0.00000      1.00000
      -0.21008538      4580.31  9.90981e+12      0.00000      1.00000
      -0.06231078      4803.89  1.42922e+13      0.00000      1.00000
       0.08546386      5072.53  2.03576e+13      0.00000      1.00000
       0.23323847      5400.24  2.90186e+13      0.00000      1.00000
       0.38101307      5788.27  4.51898e+13      0.00000      1.00000
       0.52878767      6245.18  8.91205e+13      0.00000      1.00000
       0.67656231      6674.97  1.82931e+14      0.00000      1.00000
       0.82433689      7024.31  3.26618e+14      0.00000      1.00000
       0.97211152      7316.94  5.20062e+14      0.00000      1.00000
       1.11988616      7567.66  7.59318e+14      0.00000      1.00000
       1.26766074      7804.46  1.07156e+15      0.00000      1.00000
       1.41543543      8031.44  1.47159e+15      0.00000      1.00000
       1.56321001      8251.90  1.97934e+15      0.00000      1.00000
   2.55975e+15  1.77563e-01  3.14531e-04  4.58338e-05  2.24998e-05  2.50382e+03
   3.06495e+15  4.42584e-01  8.97992e-04  1.37225e-04  6.88619e-05  6.32239e+03
   3.65567e+15  1.06224e+00  2.45321e-03  3.92265e-04  2.01018e-04  1.52002e+04
   4.34846e+15  2.38847e+00  6.20644e-03  1.03421e-03  5.40209e-04  3.36788e+04
   5.16658e+15  4.97955e+00  1.43594e-02  2.48160e-03  1.31829e-03  6.80070e+04
   6.13583e+15  9.70699e+00  3.06823e-02  5.47561e-03  2.95235e-03  1.26619e+05
   7.28756e+15  1.78693e+01  6.12568e-02  1.12469e-02  6.14439e-03  2.20173e+05
   8.65949e+15  3.13462e+01  1.15494e-01  2.17472e-02  1.20205e-02  3.61619e+05
   1.02965e+16  5.28484e+01  2.07725e-01  4.00094e-02  2.23476e-02  5.66862e+05
   1.22522e+16  8.71206e+01  3.63742e-01  7.15554e-02  4.03606e-02  8.65211e+05
   1.45888e+16  1.41466e+02  6.25565e-01  1.25561e-01  7.14844e-02  1.29703e+06
   1.73821e+16  2.26737e+02  1.05924e+00  2.16732e-01  1.24493e-01  1.91442e+06
   2.07242e+16  3.58612e+02  1.76532e+00  3.67881e-01  2.13113e-01  2.78152e+06
   2.47258e+16  5.58940e+02  2.89106e+00  6.13005e-01  3.57972e-01  3.97234e+06
   2.95182e+16  8.62540e+02  4.67859e+00  1.00866e+00  5.93575e-01  5.60619e+06
   3.52568e+16  1.32729e+03  7.54531e+00  1.65364e+00  9.80551e-01  7.88304e+06
   4.21205e+16  2.04740e+03  1.22031e+01  2.71910e+00  1.62475e+00  1.11120e+07
   5.03182e+16  3.18323e+03  1.99217e+01  4.51543e+00  2.71952e+00  1.58027e+07
   6.00454e+16  5.06244e+03  3.34131e+01  7.71569e+00  4.68716e+00  2.30719e+07
   7.15120e+16  8.32497e+03  5.83295e+01  1.37540e+01  8.43660e+00  3.50278e+07
   8.49613e+16  1.42529e+04  1.06855e+02  2.58000e+01  1.59999e+01  5.57338e+07
   1.00619e+17  2.56288e+04  2.07589e+02  5.14974e+01  3.23389e+01  9.38787e+07
   1.18661e+17  4.89588e+04  4.33610e+02  1.10983e+02  7.07100e+01  1.69600e+08
   1.38556e+17  1.03681e+05  1.02529e+03  2.72749e+02  1.76907e+02  3.45805e+08
   1.60228e+17  2.41166e+05  2.71437e+03  7.55537e+02  5.00428e+02  7.86784e+08
   1.84385e+17  6.02929e+05  7.83464e+03  2.29322e+03  1.55468e+03  1.94464e+09
   2.08739e+17  1.72389e+06  2.65934e+04  8.26571e+03  5.76164e+03  5.66144e+09
   2.33127e+17  5.59479e+06  1.05158e+05  3.50249e+04  2.52081e+04  1.93939e+10
   2.56766e+17  2.05125e+07  4.81722e+05  1.73454e+05  1.29424e+05  7.90758e+10
   2.81741e+17  8.29813e+07  2.48139e+06  9.72317e+05  7.54467e+05  3.76465e+11
   3.08500e+17  3.74362e+08  1.45505e+07  6.24950e+06  5.05970e+06  2.09812e+12
   3.35437e+17  1.76893e+09  9.02520e+07  4.26365e+07  3.60747e+07  1.15307e+13
   3.51978e+17  8.28499e+09  5.57632e+08  2.90256e+08  2.56858e+08  5.05763e+13
   3.58126e+17  2.85592e+10  2.40956e+09  1.35743e+09  1.24603e+09  1.41186e+14
   3.64312e+17  7.01683e+10  6.97029e+09  4.15770e+09  3.91878e+09  2.81896e+14
   3.71549e+17  1.40389e+11  1.57993e+10  9.84485e+09  9.46863e+09  4.72258e+14
   3.78056e+17  2.44119e+11  3.03392e+10  1.95731e+10  1.91302e+10  7.08508e+14
   3.87764e+17  4.02432e+11  5.46082e+10  3.63303e+10  3.60173e+10  1.01715e+15
   3.99446e+17  6.36374e+11  9.34858e+10  6.39471e+10  6.42165e+10  1.41308e+15
   4.13045e+17  9.75506e+11  1.54144e+11  1.08164e+11  1.09910e+11  1.91619e+15
