MARCS MODEL ATMOSPHERE, TEFF=   6000.00
 TAU(5000) SCALE
      4.50000
          40
      -4.57460022      4709.07  4.57976e+10      0.00000      1.00000
      -4.41855240      4726.18  5.51968e+10      0.00000      1.00000
      -4.26250458      4742.71  6.61782e+10      0.00000      1.00000
      -4.10645676      4758.05  7.88303e+10      0.00000      1.00000
      -3.95040917      4771.83  9.32314e+10      0.00000      1.00000
      -3.79436159      4783.90  1.09481e+11      0.00000      1.00000
      -3.63831377      4793.90  1.27530e+11      0.00000      1.00000
      -3.48226619      4802.64  1.47877e+11      0.00000      1.00000
      -3.32621837      4810.42  1.70875e+11      0.00000      1.00000
      -3.17017078      4817.49  1.96964e+11      0.00000      1.00000
      -3.01412320      4824.11  2.26678e+11      0.00000      1.00000
      -2.85807538      4830.70  2.60803e+11      0.00000      1.00000
      -2.70202780      4837.61  3.00330e+11      0.00000      1.00000
      -2.54597998      4845.08  3.46364e+11      0.00000      1.00000
      -2.38993239      4853.36  4.00339e+11      0.00000      1.00000
      -2.23388457      4863.16  4.64710e+11      0.00000      1.00000
      -2.07783699      4875.66  5.43570e+11      0.00000      1.00000
      -1.92178929      4891.57  6.41918e+11      0.00000      1.00000
      -1.76574159      4912.05  7.67797e+11      0.00000      1.00000
      -1.60969388      4938.47  9.33548e+11      0.00000      1.00000
      -1.45364618      4975.16  1.16591e+12      0.00000      1.00000
      -1.29759848      5022.16  1.49464e+12      0.00000      1.00000
      -1.14155078      5081.85  1.97671e+12      0.00000      1.00000
      -0.98550308      5156.32  2.70723e+12      0.00000      1.00000
      -0.82945538      5251.22  3.87621e+12      0.00000      1.00000
      -0.67340767      5377.67  5.93010e+12      0.00000      1.00000
      -0.51736003      5523.96  9.39398e+12      0.00000      1.00000
      -0.36131230      5722.12  1.63298e+13      0.00000      1.00000
      -0.20526461      5972.52  3.07366e+13      0.00000      1.00000
      -0.04921693      6338.55  6.87103e+13      0.00000      1.00000
       0.10683077      6723.24  1.46121e+14      0.00000      1.00000
       0.26287848      7063.06  2.64623e+14      0.00000      1.00000
       0.41892615      7365.37  4.30330e+14      0.00000      1.00000
       0.57497382      7639.34  6.48352e+14      0.00000      1.00000
       0.73102152      7891.62  9.23152e+14      0.00000      1.00000
       0.88706923      8130.21  1.26780e+15      0.00000      1.00000
       1.04311693      8356.60  1.68604e+15      0.00000      1.00000
       1.19916463      8577.66  2.20540e+15      0.00000      1.00000
       1.35521233      8796.12  2.84592e+15      0.00000      1.00000
       1.51126003      9013.29  3.63284e+15      0.00000      1.00000
   9.49895e+14  4.62078e+04  9.89915e+02  3.45160e+02  2.53741e+02  4.55688e+10
   1.21522e+15  6.47450e+04  1.41061e+03  4.94754e+02  3.64707e+02  5.49058e+10
   1.54645e+15  8.99036e+04  1.99064e+03  7.02154e+02  5.18948e+02  6.58099e+10
   1.96084e+15  1.23548e+05  2.77667e+03  9.84529e+02  7.29405e+02  7.83658e+10
   2.48056e+15  1.67930e+05  3.82465e+03  1.36244e+03  1.01156e+03  9.26470e+10
   3.13333e+15  2.25827e+05  5.20325e+03  1.86107e+03  1.38438e+03  1.08747e+11
   3.95455e+15  3.00101e+05  6.98094e+03  2.50527e+03  1.86646e+03  1.26609e+11
   4.99099e+15  3.96167e+05  9.29267e+03  3.34462e+03  2.49514e+03  1.46720e+11
   6.29977e+15  5.20372e+05  1.22964e+04  4.43717e+03  3.31416e+03  1.69423e+11
   7.95288e+15  6.81084e+05  1.62021e+04  5.86023e+03  4.38181e+03  1.95141e+11
   1.00406e+16  8.89383e+05  2.12899e+04  7.71731e+03  5.77622e+03  2.24389e+11
   1.26737e+16  1.16078e+06  2.79592e+04  1.01568e+04  7.60979e+03  2.57930e+11
   1.59886e+16  1.51662e+06  3.67678e+04  1.33871e+04  1.00406e+04  2.96726e+11
   2.01543e+16  1.98523e+06  4.84657e+04  1.76895e+04  1.32825e+04  3.41848e+11
   2.53773e+16  2.60598e+06  6.41126e+04  2.34637e+04  1.76401e+04  3.94685e+11
   3.18922e+16  3.44001e+06  8.54054e+04  3.13562e+04  2.36085e+04  4.57648e+11
   3.99547e+16  4.58721e+06  1.15211e+05  4.24707e+04  3.20367e+04  5.34776e+11
   4.98672e+16  6.19543e+06  1.57894e+05  5.85033e+04  4.42351e+04  6.31006e+11
   6.19347e+16  8.51164e+06  2.21015e+05  8.24287e+04  6.25143e+04  7.54322e+11
   7.64699e+16  1.19548e+07  3.17919e+05  1.19564e+05  9.10292e+04  9.16997e+11
   9.32355e+16  1.73935e+07  4.77939e+05  1.81816e+05  1.39160e+05  1.14581e+12
   1.12393e+17  2.61955e+07  7.50098e+05  2.89497e+05  2.23063e+05  1.47048e+12
   1.33739e+17  4.11114e+07  1.23913e+06  4.86894e+05  3.78289e+05  1.94801e+12
   1.57050e+17  6.75805e+07  2.16784e+06  8.70586e+05  6.83257e+05  2.67351e+12
   1.80610e+17  1.17669e+08  4.07594e+06  1.68147e+06  1.33618e+06  3.83732e+12
   2.01717e+17  2.23270e+08  8.53134e+06  3.64248e+06  2.94088e+06  5.88638e+12
   2.23955e+17  4.43986e+08  1.88987e+07  8.37947e+06  6.88480e+06  9.34505e+12
   2.39057e+17  9.95253e+08  4.86034e+07  2.26119e+07  1.89967e+07  1.62769e+13
   2.50113e+17  2.47840e+09  1.42117e+08  6.99399e+07  6.03066e+07  3.06807e+13
   2.48551e+17  7.73430e+09  5.48184e+08  2.90547e+08  2.59278e+08  6.86552e+13
   2.47327e+17  2.24007e+10  1.93504e+09  1.09914e+09  1.01280e+09  1.46070e+14
   2.43174e+17  5.13724e+10  5.19128e+09  3.11515e+09  2.94430e+09  2.64580e+14
   2.41004e+17  1.01281e+11  1.16248e+10  7.29375e+09  7.03744e+09  4.30300e+14
   2.39802e+17  1.79321e+11  2.29000e+10  1.49149e+10  1.46417e+10  6.48339e+14
   2.38852e+17  2.93086e+11  4.10232e+10  2.75902e+10  2.74903e+10  9.23162e+14
   2.39173e+17  4.55737e+11  6.92063e+10  4.78917e+10  4.83525e+10  1.26784e+15
   2.39539e+17  6.77097e+11  1.10611e+11  7.85262e+10  8.02253e+10  1.68611e+15
   2.41825e+17  9.84674e+11  1.72106e+11  1.25108e+11  1.29222e+11  2.20552e+15
   2.45117e+17  1.40602e+12  2.61851e+11  1.94621e+11  2.03099e+11  2.84610e+15
   2.49455e+17  1.97880e+12  3.91325e+11  2.97029e+11  3.12997e+11  3.63309e+15
