MARCS MODEL ATMOSPHERE, TEFF=   6000.00
 TAU(5000) SCALE
      4.50000
          40
      -4.55809021      4500.34  4.05661e+10      0.00000      1.00000
      -4.40317631      4525.81  4.99898e+10      0.00000      1.00000
      -4.24826288      4555.48  6.19383e+10      0.00000      1.00000
      -4.09334946      4586.84  7.67906e+10      0.00000      1.00000
      -3.93843555      4618.20  9.49614e+10      0.00000      1.00000
      -3.78352213      4649.20  1.17053e+11      0.00000      1.00000
      -3.62860847      4679.76  1.43731e+11      0.00000      1.00000
      -3.47369480      4710.07  1.76028e+11      0.00000      1.00000
      -3.31878138      4739.98  2.15002e+11      0.00000      1.00000
      -3.16386771      4769.28  2.61849e+11      0.00000      1.00000
      -3.00895405      4797.70  3.17888e+11      0.00000      1.00000
      -2.85404062      4824.45  3.84097e+11      0.00000      1.00000
      -2.69912696      4849.82  4.62528e+11      0.00000      1.00000
      -2.54421329      4873.92  5.55315e+11      0.00000      1.00000
      -2.38929987      4896.94  6.65086e+11      0.00000      1.00000
      -2.23438621      4919.24  7.95194e+11      0.00000      1.00000
      -2.07947254      4942.14  9.51313e+11      0.00000      1.00000
      -1.92455900      4966.88  1.14095e+12      0.00000      1.00000
      -1.76964533      4994.74  1.37443e+12      0.00000      1.00000
      -1.61473179      5027.39  1.66707e+12      0.00000      1.00000
      -1.45981824      5068.96  2.04779e+12      0.00000      1.00000
      -1.30490458      5120.23  2.55271e+12      0.00000      1.00000
      -1.14999104      5183.29  3.24263e+12      0.00000      1.00000
      -0.99507743      5260.13  4.21500e+12      0.00000      1.00000
      -0.84016383      5358.76  5.69813e+12      0.00000      1.00000
      -0.68525028      5486.63  8.14947e+12      0.00000      1.00000
      -0.53033668      5634.47  1.21035e+13      0.00000      1.00000
      -0.37542307      5827.03  1.95342e+13      0.00000      1.00000
      -0.22050947      6066.54  3.40518e+13      0.00000      1.00000
      -0.06559589      6366.32  6.43824e+13      0.00000      1.00000
       0.08931768      6763.19  1.37530e+14      0.00000      1.00000
       0.24423127      7220.33  2.96122e+14      0.00000      1.00000
       0.39914486      7617.06  5.39179e+14      0.00000      1.00000
       0.55405843      7947.77  8.50774e+14      0.00000      1.00000
       0.70897204      8231.11  1.22424e+15      0.00000      1.00000
       0.86388564      8485.01  1.66737e+15      0.00000      1.00000
       1.01879919      8715.89  2.17678e+15      0.00000      1.00000
       1.17371285      8936.82  2.78582e+15      0.00000      1.00000
       1.32862639      9151.37  3.50990e+15      0.00000      1.00000
       1.48353994      9362.12  4.37171e+15      0.00000      1.00000
   1.20682e+15  1.82993e+04  3.15913e+02  1.02136e+02  7.25037e+01  1.29099e+10
   1.49193e+15  2.62299e+04  4.65403e+02  1.51916e+02  1.08321e+02  1.59093e+10
   1.83829e+15  3.83208e+04  7.01722e+02  2.31598e+02  1.65983e+02  2.00501e+10
   2.25864e+15  5.62356e+04  1.06421e+03  3.55302e+02  2.56001e+02  2.54402e+10
   2.76811e+15  8.21215e+04  1.60534e+03  5.42089e+02  3.92642e+02  3.21758e+10
   3.38441e+15  1.19109e+05  2.40323e+03  8.20553e+02  5.97392e+02  4.04820e+10
   4.12511e+15  1.71436e+05  3.56716e+03  1.23116e+03  9.00807e+02  5.06504e+10
   5.01828e+15  2.45419e+05  5.26284e+03  1.83566e+03  1.34968e+03  6.31140e+10
   6.09515e+15  3.49298e+05  7.71363e+03  2.71828e+03  2.00816e+03  7.82758e+10
   7.39370e+15  4.93951e+05  1.12223e+04  3.99424e+03  2.96441e+03  9.65441e+10
   8.96019e+15  6.93398e+05  1.61884e+04  5.81693e+03  4.33623e+03  1.18292e+11
   1.08486e+16  9.62589e+05  2.30495e+04  8.35609e+03  6.25466e+03  1.43443e+11
   1.31356e+16  1.32512e+06  3.24935e+04  1.18782e+04  8.92530e+03  1.72504e+11
   1.59081e+16  1.81061e+06  4.54016e+04  1.67271e+04  1.26144e+04  2.05909e+11
   1.92715e+16  2.45866e+06  6.29687e+04  2.33716e+04  1.76856e+04  2.44242e+11
   2.33519e+16  3.32417e+06  8.68803e+04  3.24764e+04  2.46563e+04  2.88435e+11
   2.82925e+16  4.50259e+06  1.20135e+05  4.52329e+04  3.44562e+04  3.41323e+11
   3.42591e+16  6.14284e+06  1.67559e+05  6.35788e+04  4.86047e+04  4.07074e+11
   4.14391e+16  8.48630e+06  2.37250e+05  9.08009e+04  6.96928e+04  4.92120e+11
   5.00307e+16  1.19503e+07  3.43751e+05  1.32880e+05  1.02462e+05  6.07367e+11
   6.01274e+16  1.74206e+07  5.19345e+05  2.03286e+05  1.57661e+05  7.78298e+11
   7.19280e+16  2.63286e+07  8.19640e+05  3.25728e+05  2.54402e+05  1.03568e+12
   8.55150e+16  4.14652e+07  1.35985e+06  5.50350e+05  4.33478e+05  1.43648e+12
   1.00787e+17  6.82214e+07  2.37989e+06  9.84224e+05  7.83011e+05  2.07758e+12
   1.17214e+17  1.20044e+08  4.52149e+06  1.92077e+06  1.54719e+06  3.19262e+12
   1.33953e+17  2.29540e+08  9.51035e+06  4.17714e+06  3.41708e+06  5.25079e+12
   1.50565e+17  4.54384e+08  2.09064e+07  9.52562e+06  7.92579e+06  8.79772e+12
   1.64799e+17  9.95673e+08  5.20954e+07  2.48286e+07  2.10934e+07  1.58391e+13
   1.75711e+17  2.36711e+09  1.43679e+08  7.21302e+07  6.27709e+07  2.99970e+13
   1.81483e+17  6.12648e+09  4.40825e+08  2.34882e+08  2.10116e+08  6.00141e+13
   1.82697e+17  1.83605e+10  1.61687e+09  9.24628e+08  8.54653e+08  1.32823e+14
   1.78010e+17  5.41712e+10  5.85689e+09  3.59869e+09  3.43877e+09  2.91063e+14
   1.75335e+17  1.25305e+11  1.58683e+10  1.03048e+10  1.01023e+10  5.33685e+14
   1.73194e+17  2.36272e+11  3.37264e+10  2.28391e+10  2.28288e+10  8.44845e+14
   1.71783e+17  3.91273e+11  6.14133e+10  4.29932e+10  4.36399e+10  1.21788e+15
   1.71438e+17  6.00440e+11  1.02060e+11  7.34691e+10  7.55430e+10  1.66056e+15
   1.71334e+17  8.68302e+11  1.58042e+11  1.16526e+11  1.21151e+11  2.16952e+15
   1.72562e+17  1.22338e+12  2.36953e+11  1.78550e+11  1.87516e+11  2.77807e+15
   1.74517e+17  1.68768e+12  3.46227e+11  2.66194e+11  2.82176e+11  3.50160e+15
   1.77224e+17  2.29305e+12  4.96476e+11  3.88984e+11  4.15956e+11  4.36283e+15
