MARCS MODEL ATMOSPHERE, TEFF=   6000.00
 TAU(5000) SCALE
      3.50000
          40
      -4.51326990      4371.90  2.37379e+10      0.00000      1.00000
      -4.36109972      4400.89  2.89627e+10      0.00000      1.00000
      -4.20892954      4434.96  3.55301e+10      0.00000      1.00000
      -4.05675936      4472.24  4.37581e+10      0.00000      1.00000
      -3.90458894      4511.24  5.40128e+10      0.00000      1.00000
      -3.75241876      4551.42  6.67271e+10      0.00000      1.00000
      -3.60024834      4592.10  8.23784e+10      0.00000      1.00000
      -3.44807816      4632.54  1.01547e+11      0.00000      1.00000
      -3.29590797      4672.37  1.24934e+11      0.00000      1.00000
      -3.14373779      4711.33  1.53361e+11      0.00000      1.00000
      -2.99156737      4749.21  1.87796e+11      0.00000      1.00000
      -2.83939719      4785.46  2.29188e+11      0.00000      1.00000
      -2.68722701      4820.36  2.78941e+11      0.00000      1.00000
      -2.53505659      4854.13  3.38699e+11      0.00000      1.00000
      -2.38288641      4886.97  4.10407e+11      0.00000      1.00000
      -2.23071623      4919.16  4.96367e+11      0.00000      1.00000
      -2.07854581      4951.59  5.99652e+11      0.00000      1.00000
      -1.92637563      4985.30  7.24592e+11      0.00000      1.00000
      -1.77420545      5021.35  8.76673e+11      0.00000      1.00000
      -1.62203515      5060.84  1.06319e+12      0.00000      1.00000
      -1.46986485      5108.30  1.29805e+12      0.00000      1.00000
      -1.31769466      5164.69  1.59916e+12      0.00000      1.00000
      -1.16552436      5232.14  1.99518e+12      0.00000      1.00000
      -1.01335406      5312.76  2.53054e+12      0.00000      1.00000
      -0.86118382      5416.54  3.32325e+12      0.00000      1.00000
      -0.70901358      5548.07  4.58171e+12      0.00000      1.00000
      -0.55684334      5700.58  6.56810e+12      0.00000      1.00000
      -0.40467307      5895.59  1.02041e+13      0.00000      1.00000
      -0.25250280      6140.15  1.72747e+13      0.00000      1.00000
      -0.10033257      6442.00  3.17481e+13      0.00000      1.00000
       0.05183767      6814.52  6.31435e+13      0.00000      1.00000
       0.20400795      7286.46  1.36265e+14      0.00000      1.00000
       0.35617822      7910.83  3.27860e+14      0.00000      1.00000
       0.50834846      8422.12  6.10899e+14      0.00000      1.00000
       0.66051871      8751.54  8.75780e+14      0.00000      1.00000
       0.81268895      9005.26  1.13604e+15      0.00000      1.00000
       0.96485919      9217.11  1.39552e+15      0.00000      1.00000
       1.11702955      9413.27  1.67723e+15      0.00000      1.00000
       1.26919973      9599.55  1.98471e+15      0.00000      1.00000
       1.42137003      9780.91  2.32553e+15      0.00000      1.00000
   1.98181e+14  1.38772e+03  2.07632e+01  6.38491e+00  4.42864e+00  1.23841e+09
   2.41452e+14  2.02083e+03  3.12513e+01  9.72187e+00  6.77937e+00  1.58421e+09
   2.94923e+14  3.03468e+03  4.87598e+01  1.53730e+01  1.07867e+01  2.10157e+09
   3.60928e+14  4.63921e+03  7.76760e+01  2.48454e+01  1.75499e+01  2.84484e+09
   4.42140e+14  7.14407e+03  1.24793e+02  4.05124e+01  2.88136e+01  3.88044e+09
   5.41472e+14  1.10291e+04  2.01099e+02  6.62717e+01  4.74630e+01  5.30832e+09
   6.62127e+14  1.69802e+04  3.23100e+02  1.08078e+02  7.79413e+01  7.24393e+09
   8.08218e+14  2.59563e+04  5.14911e+02  1.74770e+02  1.26890e+02  9.81043e+09
   9.84719e+14  3.93199e+04  8.12114e+02  2.79565e+02  2.04305e+02  1.31565e+10
   1.19759e+15  5.89610e+04  1.26594e+03  4.41747e+02  3.24863e+02  1.74492e+10
   1.45399e+15  8.74681e+04  1.94902e+03  6.88996e+02  5.09746e+02  2.28723e+10
   1.76179e+15  1.28001e+05  2.95366e+03  1.05700e+03  7.86451e+02  2.95422e+10
   2.13174e+15  1.85250e+05  4.41879e+03  1.59977e+03  1.19671e+03  3.76980e+10
   2.57654e+15  2.65612e+05  6.53931e+03  2.39384e+03  1.79991e+03  4.76194e+10
   3.11122e+15  3.77843e+05  9.58905e+03  3.54774e+03  2.68066e+03  5.96440e+10
   3.75319e+15  5.34067e+05  1.39574e+04  5.21723e+03  3.96090e+03  7.42138e+10
   4.52222e+15  7.53320e+05  2.02703e+04  7.65475e+03  5.83900e+03  9.22297e+10
   5.44393e+15  1.06595e+06  2.95542e+04  1.12782e+04  8.64477e+03  1.15151e+11
   6.54653e+15  1.52004e+06  4.34953e+04  1.67827e+04  1.29299e+04  1.45217e+11
   7.86172e+15  2.19402e+06  6.49562e+04  2.53640e+04  1.96493e+04  1.85940e+11
   9.41525e+15  3.26514e+06  1.00636e+05  3.98532e+04  3.10759e+04  2.47110e+11
   1.12454e+16  5.02235e+06  1.62219e+05  6.53032e+04  5.13087e+04  3.41257e+11
   1.33801e+16  8.02964e+06  2.73938e+05  1.12409e+05  8.91057e+04  4.92057e+11
   1.58162e+16  1.33787e+07  4.86383e+05  2.04075e+05  1.63443e+05  7.41605e+11
   1.85340e+16  2.40242e+07  9.45233e+05  4.07722e+05  3.30752e+05  1.20355e+12
   2.14461e+16  4.66642e+07  2.02084e+06  9.01441e+05  7.42720e+05  2.08920e+12
   2.43160e+16  9.36231e+07  4.50641e+06  2.08594e+06  1.74833e+06  3.68382e+12
   2.69605e+16  2.06289e+08  1.12760e+07  5.45705e+06  4.66905e+06  6.90990e+12
   2.90331e+16  4.94177e+08  3.13232e+07  1.59652e+07  1.39914e+07  1.35708e+13
   3.03038e+16  1.27269e+09  9.53547e+07  5.15315e+07  4.64011e+07  2.76295e+13
   3.07445e+16  3.52507e+09  3.18098e+08  1.83469e+08  1.70256e+08  5.85576e+13
   2.99495e+16  1.05760e+10  1.17539e+09  7.29202e+08  6.99913e+08  1.31130e+14
   2.82466e+16  3.59462e+10  5.06546e+09  3.41484e+09  3.40619e+09  3.21927e+14
   2.67404e+16  8.43906e+10  1.40703e+10  1.00605e+10  1.03122e+10  6.04250e+14
   2.56673e+16  1.37477e+11  2.52802e+10  1.87063e+10  1.94810e+10  8.68667e+14
   2.49085e+16  1.95287e+11  3.85361e+10  2.92280e+10  3.07884e+10  1.12854e+15
   2.42676e+16  2.57359e+11  5.37065e+10  4.15395e+10  4.41556e+10  1.38769e+15
   2.37703e+16  3.29425e+11  7.22380e+10  5.68502e+10  6.09176e+10  1.66905e+15
   2.33400e+16  4.12839e+11  9.47134e+10  7.57261e+10  8.17400e+10  1.97616e+15
   2.29637e+16  5.10511e+11  1.22186e+11  9.91495e+10  1.07760e+11  2.31659e+15
