MARCS MODEL ATMOSPHERE, TEFF=   6000.00
 TAU(5000) SCALE
      3.00000
          40
      -4.44343996      4360.86  1.25632e+10      0.00000      1.00000
      -4.29333401      4389.69  1.54736e+10      0.00000      1.00000
      -4.14322805      4424.12  1.92109e+10      0.00000      1.00000
      -3.99312234      4462.42  2.39887e+10      0.00000      1.00000
      -3.84301639      4502.99  3.00483e+10      0.00000      1.00000
      -3.69291043      4545.04  3.76759e+10      0.00000      1.00000
      -3.54280472      4587.77  4.71907e+10      0.00000      1.00000
      -3.39269876      4630.26  5.89494e+10      0.00000      1.00000
      -3.24259281      4671.97  7.33950e+10      0.00000      1.00000
      -3.09248686      4712.60  9.10428e+10      0.00000      1.00000
      -2.94238091      4752.02  1.12497e+11      0.00000      1.00000
      -2.79227519      4790.11  1.38461e+11      0.00000      1.00000
      -2.64216924      4826.49  1.69570e+11      0.00000      1.00000
      -2.49206328      4861.78  2.06990e+11      0.00000      1.00000
      -2.34195733      4896.20  2.51954e+11      0.00000      1.00000
      -2.19185162      4930.02  3.05967e+11      0.00000      1.00000
      -2.04174566      4963.68  3.70837e+11      0.00000      1.00000
      -1.89163971      4998.64  4.49474e+11      0.00000      1.00000
      -1.74153388      5036.13  5.45859e+11      0.00000      1.00000
      -1.59142792      5077.16  6.65117e+11      0.00000      1.00000
      -1.44132209      5123.77  8.15221e+11      0.00000      1.00000
      -1.29121614      5181.25  1.01286e+12      0.00000      1.00000
      -1.14111018      5250.12  1.27894e+12      0.00000      1.00000
      -0.99100435      5332.26  1.64812e+12      0.00000      1.00000
      -0.84089845      5432.48  2.18872e+12      0.00000      1.00000
      -0.69079256      5565.82  3.08874e+12      0.00000      1.00000
      -0.54068667      5717.35  4.50988e+12      0.00000      1.00000
      -0.39058077      5915.74  7.17422e+12      0.00000      1.00000
      -0.24047485      6159.65  1.22924e+13      0.00000      1.00000
      -0.09036898      6467.84  2.29580e+13      0.00000      1.00000
       0.05973692      6846.27  4.61380e+13      0.00000      1.00000
       0.20984282      7329.00  1.00590e+14      0.00000      1.00000
       0.35994872      7981.84  2.46413e+14      0.00000      1.00000
       0.51005465      8496.51  4.53230e+14      0.00000      1.00000
       0.66016054      8813.35  6.33787e+14      0.00000      1.00000
       0.81026638      9048.68  7.98852e+14      0.00000      1.00000
       0.96037227      9246.98  9.60510e+14      0.00000      1.00000
       1.11047816      9431.64  1.13271e+15      0.00000      1.00000
       1.26058412      9608.10  1.31757e+15      0.00000      1.00000
       1.41069007      9780.97  1.51925e+15      0.00000      1.00000
   9.91116e+13  6.48027e+02  9.57355e+00  2.93093e+00  2.02875e+00  1.06394e+09
   1.21777e+14  9.51605e+02  1.45303e+01  4.50013e+00  3.13163e+00  1.35949e+09
   1.50178e+14  1.44751e+03  2.29781e+01  7.21392e+00  5.05185e+00  1.80729e+09
   1.85673e+14  2.25155e+03  3.72942e+01  1.18839e+01  8.37975e+00  2.46186e+09
   2.29758e+14  3.53804e+03  6.12542e+01  1.98235e+01  1.40787e+01  3.38995e+09
   2.84041e+14  5.57830e+03  1.01027e+02  3.32145e+01  2.37618e+01  4.68743e+09
   3.50281e+14  8.76729e+03  1.66075e+02  5.54655e+01  3.99701e+01  6.46684e+09
   4.30550e+14  1.36546e+04  2.70245e+02  9.16512e+01  6.65173e+01  8.84583e+09
   5.27534e+14  2.10183e+04  4.33935e+02  1.49358e+02  1.09143e+02  1.19598e+10
   6.44384e+14  3.19421e+04  6.86689e+02  2.39725e+02  1.76331e+02  1.59649e+10
   7.84889e+14  4.79165e+04  1.07062e+03  3.78834e+02  2.80400e+02  2.10358e+10
   9.53578e+14  7.09661e+04  1.64486e+03  5.89549e+02  4.38965e+02  2.73656e+10
   1.15501e+15  1.03552e+05  2.48435e+03  9.01251e+02  6.74810e+02  3.50890e+10
   1.39647e+15  1.49589e+05  3.70910e+03  1.36117e+03  1.02463e+03  4.45469e+10
   1.68580e+15  2.14288e+05  5.48441e+03  2.03512e+03  1.53984e+03  5.60934e+10
   2.03231e+15  3.04928e+05  8.04761e+03  3.01852e+03  2.29530e+03  7.01859e+10
   2.44615e+15  4.31915e+05  1.17479e+04  4.45320e+03  3.40282e+03  8.74875e+10
   2.93930e+15  6.13156e+05  1.72006e+04  6.59095e+03  5.06158e+03  1.09474e+11
   3.52637e+15  8.77432e+05  2.54310e+04  9.85666e+03  7.60965e+03  1.38346e+11
   4.22284e+15  1.27049e+06  3.81412e+04  1.49660e+04  1.16203e+04  1.77293e+11
   5.04237e+15  1.87537e+06  5.85552e+04  2.32941e+04  1.82020e+04  2.32320e+11
   5.99332e+15  2.88010e+06  9.42961e+04  3.81406e+04  3.00330e+04  3.18053e+11
   7.08782e+15  4.59610e+06  1.59065e+05  6.56000e+04  5.21217e+04  4.53072e+11
   8.31979e+15  7.63492e+06  2.81785e+05  1.18856e+05  9.54249e+04  6.71176e+11
   9.65813e+15  1.33478e+07  5.31440e+05  2.30189e+05  1.87093e+05  1.04149e+12
   1.10324e+16  2.56960e+07  1.12691e+06  5.04905e+05  4.16854e+05  1.75345e+12
   1.23820e+16  5.06688e+07  2.46654e+06  1.14623e+06  9.62477e+05  2.97511e+12
   1.35409e+16  1.10938e+08  6.14127e+06  2.98527e+06  2.55944e+06  5.43264e+12
   1.44405e+16  2.61261e+08  1.67482e+07  8.57024e+06  7.52448e+06  1.03338e+13
   1.48601e+16  6.71618e+08  5.10089e+07  2.76976e+07  2.49951e+07  2.07745e+13
   1.49561e+16  1.85865e+09  1.70243e+08  9.87046e+07  9.18179e+07  4.36762e+13
   1.44281e+16  5.59864e+09  6.33179e+08  3.95226e+08  3.80426e+08  9.77936e+13
   1.32673e+16  1.92873e+10  2.78574e+09  1.89425e+09  1.89702e+09  2.43176e+14
   1.23852e+16  4.42040e+10  7.53991e+09  5.43434e+09  5.59090e+09  4.49623e+14
   1.17692e+16  6.93085e+10  1.29708e+10  9.65698e+09  1.00856e+10  6.29963e+14
   1.12859e+16  9.42431e+10  1.88155e+10  1.43292e+10  1.51228e+10  7.94868e+14
   1.08668e+16  1.20124e+11  2.52612e+10  1.95910e+10  2.08507e+10  9.56387e+14
   1.05032e+16  1.49170e+11  3.28594e+10  2.59010e+10  2.77744e+10  1.12844e+15
   1.01637e+16  1.81758e+11  4.17836e+10  3.34310e+10  3.60978e+10  1.31315e+15
   9.83989e+15  2.18768e+11  5.23608e+10  4.24891e+10  4.61791e+10  1.51466e+15
