MARCS MODEL ATMOSPHERE, TEFF=   6000.00
 TAU(5000) SCALE
      2.50000
          40
      -4.34864998      4346.42  6.41350e+09      0.00000      1.00000
      -4.20116568      4374.25  8.00418e+09      0.00000      1.00000
      -4.05368185      4408.34  1.01003e+10      0.00000      1.00000
      -3.90619779      4447.19  1.28506e+10      0.00000      1.00000
      -3.75871348      4489.08  1.64220e+10      0.00000      1.00000
      -3.61122942      4532.98  2.10139e+10      0.00000      1.00000
      -3.46374536      4577.85  2.68561e+10      0.00000      1.00000
      -3.31626129      4622.64  3.41789e+10      0.00000      1.00000
      -3.16877723      4666.60  4.32774e+10      0.00000      1.00000
      -3.02129316      4709.37  5.44870e+10      0.00000      1.00000
      -2.87380910      4750.80  6.82040e+10      0.00000      1.00000
      -2.72632480      4790.88  8.48955e+10      0.00000      1.00000
      -2.57884073      4829.64  1.05110e+11      0.00000      1.00000
      -2.43135667      4866.88  1.29325e+11      0.00000      1.00000
      -2.28387260      4903.20  1.58482e+11      0.00000      1.00000
      -2.13638854      4938.97  1.93607e+11      0.00000      1.00000
      -1.98890436      4974.63  2.35992e+11      0.00000      1.00000
      -1.84142029      5011.05  2.87360e+11      0.00000      1.00000
      -1.69393611      5050.60  3.50951e+11      0.00000      1.00000
      -1.54645205      5093.98  4.30578e+11      0.00000      1.00000
      -1.39896798      5142.43  5.31860e+11      0.00000      1.00000
      -1.25148380      5200.13  6.65959e+11      0.00000      1.00000
      -1.10399973      5272.09  8.53501e+11      0.00000      1.00000
      -0.95651561      5357.93  1.12074e+12      0.00000      1.00000
      -0.80903155      5460.49  1.51684e+12      0.00000      1.00000
      -0.66154742      5593.61  2.17429e+12      0.00000      1.00000
      -0.51406336      5750.35  3.25202e+12      0.00000      1.00000
      -0.36657920      5952.83  5.27249e+12      0.00000      1.00000
      -0.21909514      6204.64  9.20809e+12      0.00000      1.00000
      -0.07161102      6519.74  1.74164e+13      0.00000      1.00000
       0.07587307      6918.58  3.57463e+13      0.00000      1.00000
       0.22335719      7419.98  7.90900e+13      0.00000      1.00000
       0.37084126      8110.37  1.96654e+14      0.00000      1.00000
       0.51832539      8578.99  3.33941e+14      0.00000      1.00000
       0.66580951      8868.45  4.47566e+14      0.00000      1.00000
       0.81329358      9087.08  5.49338e+14      0.00000      1.00000
       0.96077770      9272.78  6.46510e+14      0.00000      1.00000
       1.10826182      9448.05  7.48608e+14      0.00000      1.00000
       1.25574589      9617.64  8.56825e+14      0.00000      1.00000
       1.40323007      9785.52  9.73215e+14      0.00000      1.00000
   4.66544e+13  2.78740e+02  4.04974e+00  1.23260e+00  8.50881e-01  8.65581e+08
   5.81594e+13  4.13225e+02  6.19943e+00  1.90820e+00  1.32413e+00  1.09977e+09
   7.28168e+13  6.37764e+02  9.94607e+00  3.10322e+00  2.16692e+00  1.45909e+09
   9.14293e+13  1.01246e+03  1.64904e+01  5.22389e+00  3.67351e+00  1.99462e+09
   1.14859e+14  1.63047e+03  2.78061e+01  8.95147e+00  6.34187e+00  2.76903e+09
   1.44019e+14  2.63900e+03  4.71846e+01  1.54433e+01  1.10253e+01  3.86945e+09
   1.79940e+14  4.25872e+03  7.98397e+01  2.65682e+01  1.91137e+01  5.39994e+09
   2.23608e+14  6.79888e+03  1.33513e+02  4.51564e+01  3.27316e+01  7.47173e+09
   2.76485e+14  1.06996e+04  2.19713e+02  7.54812e+01  5.51097e+01  1.02073e+10
   3.40216e+14  1.65756e+04  3.55204e+02  1.23864e+02  9.10614e+01  1.37482e+10
   4.16773e+14  2.52814e+04  5.64205e+02  1.99560e+02  1.47679e+02  1.82592e+10
   5.08518e+14  3.79949e+04  8.81298e+02  3.15955e+02  2.35281e+02  2.39312e+10
   6.18283e+14  5.63261e+04  1.35535e+03  4.92192e+02  3.68705e+02  3.09832e+10
   7.48595e+14  8.22639e+04  2.04943e+03  7.53347e+02  5.67522e+02  3.96032e+10
   9.04137e+14  1.18964e+05  3.06425e+03  1.13961e+03  8.63158e+02  5.01823e+10
   1.08967e+15  1.70768e+05  4.54335e+03  1.70895e+03  1.30119e+03  6.31888e+10
   1.31073e+15  2.43908e+05  6.69901e+03  2.54800e+03  1.95006e+03  7.92563e+10
   1.57281e+15  3.47913e+05  9.86641e+03  3.79502e+03  2.91955e+03  9.94322e+10
   1.88177e+15  5.00831e+05  1.46979e+04  5.72160e+03  4.42618e+03  1.26132e+11
   2.24543e+15  7.29602e+05  2.22177e+04  8.76149e+03  6.81852e+03  1.62133e+11
   2.67067e+15  1.08015e+06  3.42533e+04  1.37007e+04  1.07327e+04  2.12022e+11
   3.15859e+15  1.64913e+06  5.48294e+04  2.22968e+04  1.76008e+04  2.86246e+11
   3.70614e+15  2.63991e+06  9.29669e+04  3.85746e+04  3.07354e+04  4.04795e+11
   4.31056e+15  4.39954e+06  1.65605e+05  7.03348e+04  5.66494e+04  5.93392e+11
   4.95512e+15  7.65792e+06  3.11275e+05  1.35806e+05  1.10752e+05  9.01627e+11
   5.59115e+15  1.44732e+07  6.47261e+05  2.91994e+05  2.41838e+05  1.46376e+12
   6.19682e+15  2.85568e+07  1.42105e+06  6.65486e+05  5.60794e+05  2.43949e+12
   6.69088e+15  6.20952e+07  3.51772e+06  1.72384e+06  1.48348e+06  4.35231e+12
   7.02976e+15  1.46198e+08  9.61699e+06  4.96577e+06  4.37810e+06  8.17207e+12
   7.17733e+15  3.75253e+08  2.92794e+07  1.60494e+07  1.45468e+07  1.62478e+13
   7.06894e+15  1.05245e+09  9.96791e+07  5.84734e+07  5.46893e+07  3.44205e+13
   6.78787e+15  3.21070e+09  3.76677e+08  2.38156e+08  2.30604e+08  7.75586e+13
   6.06276e+15  1.11483e+10  1.68181e+09  1.16115e+09  1.17107e+09  1.94893e+14
   5.56383e+15  2.27037e+10  3.96983e+09  2.88617e+09  2.98127e+09  3.32028e+14
   5.21981e+15  3.34139e+10  6.35060e+09  4.75379e+09  4.97721e+09  4.45565e+14
   4.94219e+15  4.36150e+10  8.79725e+09  6.72372e+09  7.10787e+09  5.47272e+14
   4.69031e+15  5.37277e+10  1.13733e+10  8.84082e+09  9.41935e+09  6.44390e+14
   4.45912e+15  6.47254e+10  1.43155e+10  1.12999e+10  1.21252e+10  7.46428e+14
   4.23649e+15  7.66931e+10  1.76706e+10  1.41494e+10  1.52837e+10  8.54583e+14
   4.01857e+15  8.98479e+10  2.15269e+10  1.74748e+10  1.89956e+10  9.70905e+14
