MARCS MODEL ATMOSPHERE, TEFF=   5000.00
 TAU(5000) SCALE
      4.50000
          40
      -4.40935993      3481.33  3.30687e+10      0.00000      1.00000
      -4.25722551      3535.17  4.33106e+10      0.00000      1.00000
      -4.10509062      3589.20  5.62618e+10      0.00000      1.00000
      -3.95295620      3641.17  7.21996e+10      0.00000      1.00000
      -3.80082154      3689.87  9.14370e+10      0.00000      1.00000
      -3.64868689      3735.44  1.14520e+11      0.00000      1.00000
      -3.49655223      3777.87  1.42021e+11      0.00000      1.00000
      -3.34441781      3817.28  1.74639e+11      0.00000      1.00000
      -3.19228315      3854.32  2.13474e+11      0.00000      1.00000
      -3.04014850      3889.20  2.59619e+11      0.00000      1.00000
      -2.88801384      3922.13  3.14377e+11      0.00000      1.00000
      -2.73587918      3953.34  3.79299e+11      0.00000      1.00000
      -2.58374453      3982.83  4.56032e+11      0.00000      1.00000
      -2.43161011      4011.45  5.47299e+11      0.00000      1.00000
      -2.27947545      4039.87  6.56377e+11      0.00000      1.00000
      -2.12734079      4068.69  7.87453e+11      0.00000      1.00000
      -1.97520614      4098.67  9.46080e+11      0.00000      1.00000
      -1.82307148      4131.71  1.14127e+12      0.00000      1.00000
      -1.67093694      4168.27  1.38309e+12      0.00000      1.00000
      -1.51880229      4209.32  1.68566e+12      0.00000      1.00000
      -1.36666763      4255.95  2.06848e+12      0.00000      1.00000
      -1.21453309      4311.48  2.56472e+12      0.00000      1.00000
      -1.06239843      4379.62  3.22225e+12      0.00000      1.00000
      -0.91026384      4461.25  4.09733e+12      0.00000      1.00000
      -0.75812924      4559.94  5.27918e+12      0.00000      1.00000
      -0.60599464      4679.97  6.90141e+12      0.00000      1.00000
      -0.45386001      4833.33  9.13660e+12      0.00000      1.00000
      -0.30172539      5019.99  1.21982e+13      0.00000      1.00000
      -0.14959075      5253.68  1.65314e+13      0.00000      1.00000
       0.00254386      5536.71  2.34988e+13      0.00000      1.00000
       0.15467845      5881.66  3.85477e+13      0.00000      1.00000
       0.30681306      6287.50  7.58679e+13      0.00000      1.00000
       0.45894769      6771.28  1.74008e+14      0.00000      1.00000
       0.61108232      7211.20  3.55329e+14      0.00000      1.00000
       0.76321691      7566.90  6.06705e+14      0.00000      1.00000
       0.91535157      7863.28  9.21191e+14      0.00000      1.00000
       1.06748617      8118.42  1.29369e+15      0.00000      1.00000
       1.21962070      8356.21  1.75507e+15      0.00000      1.00000
       1.37175536      8582.40  2.31947e+15      0.00000      1.00000
       1.52389002      8801.07  3.00827e+15      0.00000      1.00000
   1.24756e+15  8.58519e+00  3.56279e-02  6.99387e-03  3.94100e-03  3.89323e+05
   1.51353e+15  1.74798e+01  7.98393e-02  1.62076e-02  9.27584e-03  7.35910e+05
   1.82489e+15  3.48867e+01  1.74933e-01  3.66911e-02  2.13188e-02  1.36812e+06
   2.19169e+15  6.70810e+01  3.66998e-01  7.93596e-02  4.67663e-02  2.45021e+06
   2.62657e+15  1.23453e+02  7.31249e-01  1.62583e-01  9.70506e-02  4.19024e+06
   3.14477e+15  2.18600e+02  1.39214e+00  3.17475e-01  1.91748e-01  6.87456e+06
   3.76413e+15  3.73494e+02  2.54062e+00  5.92902e-01  3.61943e-01  1.08459e+07
   4.50705e+15  6.17949e+02  4.46289e+00  1.06356e+00  6.55591e-01  1.65083e+07
   5.40263e+15  9.97882e+02  7.61568e+00  1.85030e+00  1.15079e+00  2.44368e+07
   6.48382e+15  1.57729e+03  1.26675e+01  3.13312e+00  1.96480e+00  3.52869e+07
   7.79069e+15  2.44693e+03  2.06039e+01  5.18117e+00  3.27414e+00  4.98525e+07
   9.37210e+15  3.73527e+03  3.28704e+01  8.39436e+00  5.34270e+00  6.91034e+07
   1.12870e+16  5.61468e+03  5.14795e+01  1.33370e+01  8.54512e+00  9.40639e+07
   1.36061e+16  8.36719e+03  7.97893e+01  2.09573e+01  1.35133e+01  1.26713e+08
   1.64134e+16  1.24209e+04  1.23085e+02  3.27671e+01  2.12601e+01  1.69869e+08
   1.98080e+16  1.84478e+04  1.89973e+02  5.12585e+01  3.34655e+01  2.27787e+08
   2.39070e+16  2.75443e+04  2.95045e+02  8.07146e+01  5.30342e+01  3.07264e+08
   2.88219e+16  4.18302e+04  4.67643e+02  1.29860e+02  8.59189e+01  4.22844e+08
   3.47047e+16  6.47578e+04  7.58449e+02  2.14073e+02  1.42708e+02  5.95197e+08
   4.17190e+16  1.02682e+05  1.26590e+03  3.63771e+02  2.44524e+02  8.61859e+08
   5.00520e+16  1.67632e+05  2.18794e+03  6.41412e+02  4.35155e+02  1.29186e+09
   5.98287e+16  2.86670e+05  3.99819e+03  1.19962e+03  8.22656e+02  2.04724e+09
   7.11010e+16  5.22220e+05  7.88293e+03  2.43161e+03  1.68901e+03  3.50430e+09
   8.40657e+16  1.01233e+06  1.67463e+04  5.33386e+03  3.76029e+03  6.47681e+09
   9.88846e+16  2.11445e+06  3.89023e+04  1.28606e+04  9.22404e+03  1.31396e+10
   1.15972e+17  4.82529e+06  1.00424e+05  3.46626e+04  2.53627e+04  2.97755e+10
   1.34304e+17  1.24662e+07  3.01008e+05  1.09443e+05  8.20306e+04  7.96903e+10
   1.55020e+17  3.57651e+07  1.02219e+06  3.94251e+05  3.03685e+05  2.45545e+11
   1.77695e+17  1.16999e+08  4.06064e+06  1.67630e+06  1.33250e+06  9.00104e+11
   2.02657e+17  4.22078e+08  1.81310e+07  8.06484e+06  6.63611e+06  3.62815e+12
   2.27036e+17  1.65651e+09  8.97532e+07  4.33025e+07  3.69968e+07  1.44392e+13
   2.40687e+17  6.43602e+09  4.43538e+08  2.32784e+08  2.06789e+08  4.86175e+13
   2.43630e+17  2.50015e+10  2.21025e+09  1.26567e+09  1.17062e+09  1.44336e+14
   2.44116e+17  7.27622e+10  7.83673e+09  4.80871e+09  4.59215e+09  3.23255e+14
   2.44875e+17  1.57874e+11  1.96149e+10  1.26531e+10  1.23662e+10  5.72200e+14
   2.46641e+17  2.86720e+11  3.97326e+10  2.66288e+10  2.64894e+10  8.84163e+14
   2.48807e+17  4.64177e+11  7.02125e+10  4.85215e+10  4.89572e+10  1.25412e+15
   2.53393e+17  7.15795e+11  1.16919e+11  8.30007e+10  8.47950e+10  1.71252e+15
   2.59192e+17  1.06346e+12  1.86139e+11  1.35376e+11  1.39860e+11  2.27361e+15
   2.66263e+17  1.53892e+12  2.87003e+11  2.13420e+11  2.22767e+11  2.95871e+15
