MARCS MODEL ATMOSPHERE, TEFF=   6000.00
 TAU(5000) SCALE
      4.50000
          40
      -4.54386997      4565.01  3.21789e+10      0.00000      1.00000
      -4.38878775      4591.08  4.01635e+10      0.00000      1.00000
      -4.23370600      4620.38  5.04493e+10      0.00000      1.00000
      -4.07862377      4650.79  6.32996e+10      0.00000      1.00000
      -3.92354178      4680.76  7.89382e+10      0.00000      1.00000
      -3.76845980      4709.65  9.76832e+10      0.00000      1.00000
      -3.61337757      4736.28  1.19516e+11      0.00000      1.00000
      -3.45829558      4760.40  1.44692e+11      0.00000      1.00000
      -3.30321360      4782.17  1.73603e+11      0.00000      1.00000
      -3.14813161      4801.74  2.06647e+11      0.00000      1.00000
      -2.99304938      4819.32  2.44330e+11      0.00000      1.00000
      -2.83796740      4834.77  2.86967e+11      0.00000      1.00000
      -2.68288541      4848.83  3.35712e+11      0.00000      1.00000
      -2.52780342      4862.19  3.92055e+11      0.00000      1.00000
      -2.37272120      4875.44  4.57869e+11      0.00000      1.00000
      -2.21763921      4889.33  5.35932e+11      0.00000      1.00000
      -2.06255722      4905.75  6.31868e+11      0.00000      1.00000
      -1.90747511      4925.32  7.51314e+11      0.00000      1.00000
      -1.75239301      4949.28  9.03534e+11      0.00000      1.00000
      -1.59731102      4978.73  1.10179e+12      0.00000      1.00000
      -1.44222891      5016.56  1.37047e+12      0.00000      1.00000
      -1.28714693      5065.34  1.74926e+12      0.00000      1.00000
      -1.13206482      5126.44  2.29666e+12      0.00000      1.00000
      -0.97698283      5201.73  3.11199e+12      0.00000      1.00000
      -0.82190078      5295.78  4.38793e+12      0.00000      1.00000
      -0.66681874      5423.41  6.63499e+12      0.00000      1.00000
      -0.51173663      5570.26  1.03766e+13      0.00000      1.00000
      -0.35665461      5766.90  1.77179e+13      0.00000      1.00000
      -0.20157254      6007.37  3.22252e+13      0.00000      1.00000
      -0.04649052      6351.84  6.82903e+13      0.00000      1.00000
       0.10859153      6755.46  1.49665e+14      0.00000      1.00000
       0.26367360      7119.05  2.80083e+14      0.00000      1.00000
       0.41875565      7437.73  4.63104e+14      0.00000      1.00000
       0.57383770      7722.10  7.02381e+14      0.00000      1.00000
       0.72891974      7979.66  9.99300e+14      0.00000      1.00000
       0.88400179      8220.61  1.36680e+15      0.00000      1.00000
       1.03908384      8447.07  1.80673e+15      0.00000      1.00000
       1.19416595      8667.30  2.34773e+15      0.00000      1.00000
       1.34924793      8884.08  3.00856e+15      0.00000      1.00000
       1.50433004      9098.82  3.81294e+15      0.00000      1.00000
   1.28689e+15  2.83227e+04  5.23878e+02  1.73511e+02  1.24556e+02  2.91330e+10
   1.63149e+15  4.16014e+04  7.90756e+02  2.64413e+02  1.90650e+02  3.63170e+10
   2.05093e+15  6.15844e+04  1.20657e+03  4.07752e+02  2.95447e+02  4.56299e+10
   2.55966e+15  9.08732e+04  1.83648e+03  6.27399e+02  4.56889e+02  5.73031e+10
   3.17532e+15  1.32683e+05  2.76358e+03  9.54148e+02  6.98241e+02  7.15221e+10
   3.92008e+15  1.91282e+05  4.10019e+03  1.42993e+03  1.05129e+03  8.85565e+10
   4.81899e+15  2.70831e+05  5.95927e+03  2.09739e+03  1.54857e+03  1.08334e+11
   5.91478e+15  3.77275e+05  8.49831e+03  3.01566e+03  2.23502e+03  1.31020e+11
   7.25786e+15  5.18419e+05  1.19250e+04  4.26279e+03  3.17007e+03  1.56894e+11
   8.90929e+15  7.03920e+05  1.64973e+04  5.93592e+03  4.42769e+03  1.86228e+11
   1.09460e+16  9.46209e+05  2.25481e+04  8.16048e+03  6.10346e+03  2.19364e+11
   1.34690e+16  1.25936e+06  3.04498e+04  1.10764e+04  8.30391e+03  2.56406e+11
   1.66011e+16  1.66636e+06  4.08235e+04  1.49184e+04  1.12081e+04  2.98254e+11
   2.04876e+16  2.19914e+06  5.45492e+04  2.00211e+04  1.50720e+04  3.46100e+11
   2.53062e+16  2.90215e+06  7.28744e+04  2.68620e+04  2.02620e+04  4.01455e+11
   3.12709e+16  3.84237e+06  9.77244e+04  3.61833e+04  2.73496e+04  4.66665e+11
   3.85919e+16  5.14188e+06  1.32751e+05  4.94109e+04  3.74387e+04  5.46931e+11
   4.75115e+16  6.96735e+06  1.83103e+05  6.85772e+04  5.21107e+04  6.47406e+11
   5.82837e+16  9.60123e+06  2.57816e+05  9.72897e+04  7.41871e+04  7.76836e+11
   7.11777e+16  1.35072e+07  3.72328e+05  1.41796e+05  1.08585e+05  9.47936e+11
   8.61644e+16  1.95613e+07  5.57409e+05  2.14763e+05  1.65349e+05  1.18508e+12
   1.03220e+17  2.94110e+07  8.74098e+05  3.41776e+05  2.64937e+05  1.52792e+12
   1.22280e+17  4.60297e+07  1.44040e+06  5.73461e+05  4.48263e+05  2.03490e+12
   1.43135e+17  7.52564e+07  2.50532e+06  1.01927e+06  8.04767e+05  2.80558e+12
   1.64808e+17  1.29799e+08  4.65683e+06  1.94487e+06  1.55431e+06  4.03425e+12
   1.84334e+17  2.45642e+08  9.71443e+06  4.19780e+06  3.40817e+06  6.23662e+12
   2.04719e+17  4.84963e+08  2.13350e+07  9.56954e+06  7.90472e+06  9.93011e+12
   2.19077e+17  1.07098e+09  5.38807e+07  2.53294e+07  2.13825e+07  1.72323e+13
   2.30431e+17  2.56153e+09  1.50044e+08  7.43934e+07  6.43683e+07  3.17028e+13
   2.30671e+17  7.46395e+09  5.32865e+08  2.83144e+08  2.52968e+08  6.77464e+13
   2.29528e+17  2.26098e+10  1.98371e+09  1.13294e+09  1.04657e+09  1.49095e+14
   2.25360e+17  5.43162e+10  5.62436e+09  3.40398e+09  3.23003e+09  2.79493e+14
   2.22973e+17  1.09560e+11  1.29444e+10  8.20438e+09  7.95328e+09  4.62493e+14
   2.21676e+17  1.95705e+11  2.57727e+10  1.69675e+10  1.67399e+10  7.01749e+14
   2.20555e+17  3.19332e+11  4.60877e+10  3.13306e+10  3.13725e+10  9.98651e+14
   2.20677e+17  4.93500e+11  7.71959e+10  5.39778e+10  5.47595e+10  1.36614e+15
   2.20932e+17  7.26798e+11  1.22113e+11  8.75483e+10  8.98505e+10  1.80605e+15
   2.22917e+17  1.04692e+12  1.87885e+11  1.37847e+11  1.42991e+11  2.34705e+15
   2.25833e+17  1.47999e+12  2.82512e+11  2.11798e+11  2.21909e+11  3.00787e+15
   2.29716e+17  2.06162e+12  4.17131e+11  3.19160e+11  3.37565e+11  3.81225e+15
