MARCS MODEL ATMOSPHERE, TEFF=   6500.00
 TAU(5000) SCALE
          40     -1.85794
     -4.60883999
     -4.45401716
     -4.29919386
     -4.14437056
     -3.98954773
     -3.83472466
     -3.67990160
     -3.52507854
     -3.37025547
     -3.21543241
     -3.06060934
     -2.90578628
     -2.75096297
     -2.59613991
     -2.44131684
     -2.28649378
     -2.13167071
     -1.97684765
     -1.82202458
     -1.66720152
     -1.51237845
     -1.35755539
     -1.20273232
     -1.04790926
     -0.89308614
     -0.73826307
     -0.58344001
     -0.42861691
     -0.27379385
     -0.11897076
      0.03585231
      0.19067538
      0.34549847
      0.50032151
      0.65514463
      0.80996770
      0.96479076
      1.11961389
      1.27443695
      1.42926002
