MARCS MODEL ATMOSPHERE, TEFF=   6000.00
 TAU(5000) SCALE
          40     -1.67273
     -4.57460022
     -4.41855240
     -4.26250458
     -4.10645676
     -3.95040917
     -3.79436159
     -3.63831377
     -3.48226619
     -3.32621837
     -3.17017078
     -3.01412320
     -2.85807538
     -2.70202780
     -2.54597998
     -2.38993239
     -2.23388457
     -2.07783699
     -1.92178929
     -1.76574159
     -1.60969388
     -1.45364618
     -1.29759848
     -1.14155078
     -0.98550308
     -0.82945538
     -0.67340767
     -0.51736003
     -0.36131230
     -0.20526461
     -0.04921693
      0.10683077
      0.26287848
      0.41892615
      0.57497382
      0.73102152
      0.88706923
      1.04311693
      1.19916463
      1.35521233
      1.51126003
