MARCS MODEL ATMOSPHERE, TEFF=   6000.00
 TAU(5000) SCALE
          40     -1.55498
     -4.54386997
     -4.38878775
     -4.23370600
     -4.07862377
     -3.92354178
     -3.76845980
     -3.61337757
     -3.45829558
     -3.30321360
     -3.14813161
     -2.99304938
     -2.83796740
     -2.68288541
     -2.52780342
     -2.37272120
     -2.21763921
     -2.06255722
     -1.90747511
     -1.75239301
     -1.59731102
     -1.44222891
     -1.28714693
     -1.13206482
     -0.97698283
     -0.82190078
     -0.66681874
     -0.51173663
     -0.35665461
     -0.20157254
     -0.04649052
      0.10859153
      0.26367360
      0.41875565
      0.57383770
      0.72891974
      0.88400179
      1.03908384
      1.19416595
      1.34924793
      1.50433004
