MARCS MODEL ATMOSPHERE, TEFF=   5000.00
 TAU(5000) SCALE
          40     -1.68497
     -4.40935993
     -4.25722551
     -4.10509062
     -3.95295620
     -3.80082154
     -3.64868689
     -3.49655223
     -3.34441781
     -3.19228315
     -3.04014850
     -2.88801384
     -2.73587918
     -2.58374453
     -2.43161011
     -2.27947545
     -2.12734079
     -1.97520614
     -1.82307148
     -1.67093694
     -1.51880229
     -1.36666763
     -1.21453309
     -1.06239843
     -0.91026384
     -0.75812924
     -0.60599464
     -0.45386001
     -0.30172539
     -0.14959075
      0.00254386
      0.15467845
      0.30681306
      0.45894769
      0.61108232
      0.76321691
      0.91535157
      1.06748617
      1.21962070
      1.37175536
      1.52389002
