MARCS MODEL ATMOSPHERE, TEFF=   6000.00
 TAU(5000) SCALE
          40     -1.59742
     -4.55779982
     -4.40411186
     -4.25042343
     -4.09673548
     -3.94304729
     -3.78935909
     -3.63567066
     -3.48198247
     -3.32829428
     -3.17460608
     -3.02091789
     -2.86722970
     -2.71354151
     -2.55985332
     -2.40616512
     -2.25247693
     -2.09878874
     -1.94510055
     -1.79141235
     -1.63772404
     -1.48403585
     -1.33034766
     -1.17665946
     -1.02297127
     -0.86928308
     -0.71559489
     -0.56190664
     -0.40821847
     -0.25453025
     -0.10084207
      0.05284614
      0.20653434
      0.36022258
      0.51391077
      0.66759896
      0.82128716
      0.97497541
      1.12866354
      1.28235173
      1.43604004
