MARCS MODEL ATMOSPHERE, TEFF=   6000.00
 TAU(5000) SCALE
          40     -1.58998
     -4.55809021
     -4.40317631
     -4.24826288
     -4.09334946
     -3.93843555
     -3.78352213
     -3.62860847
     -3.47369480
     -3.31878138
     -3.16386771
     -3.00895405
     -2.85404062
     -2.69912696
     -2.54421329
     -2.38929987
     -2.23438621
     -2.07947254
     -1.92455900
     -1.76964533
     -1.61473179
     -1.45981824
     -1.30490458
     -1.14999104
     -0.99507743
     -0.84016383
     -0.68525028
     -0.53033668
     -0.37542307
     -0.22050947
     -0.06559589
      0.08931768
      0.24423127
      0.39914486
      0.55405843
      0.70897204
      0.86388564
      1.01879919
      1.17371285
      1.32862639
      1.48353994
