MARCS MODEL ATMOSPHERE, TEFF=   6000.00
 TAU(5000) SCALE
          40     -1.82119
     -4.58331013
     -4.42847586
     -4.27364111
     -4.11880684
     -3.96397257
     -3.80913830
     -3.65430379
     -3.49946952
     -3.34463525
     -3.18980074
     -3.03496647
     -2.88013196
     -2.72529769
     -2.57046342
     -2.41562891
     -2.26079464
     -2.10596013
     -1.95112586
     -1.79629159
     -1.64145720
     -1.48662281
     -1.33178842
     -1.17695415
     -1.02211976
     -0.86728537
     -0.71245104
     -0.55761665
     -0.40278229
     -0.24794793
     -0.09311358
      0.06172077
      0.21655513
      0.37138951
      0.52622384
      0.68105823
      0.83589256
      0.99072695
      1.14556134
      1.30039561
      1.45523000
