MARCS MODEL ATMOSPHERE, TEFF=   6000.00
 TAU(5000) SCALE
          40    -0.841690
     -4.24202013
     -4.09739828
     -3.95277691
     -3.80815530
     -3.66353393
     -3.51891232
     -3.37429070
     -3.22966933
     -3.08504772
     -2.94042611
     -2.79580450
     -2.65118313
     -2.50656152
     -2.36193991
     -2.21731853
     -2.07269692
     -1.92807531
     -1.78345382
     -1.63883233
     -1.49421072
     -1.34958923
     -1.20496774
     -1.06034613
     -0.91572458
     -0.77110308
     -0.62648153
     -0.48185998
     -0.33723846
     -0.19261691
     -0.04799538
      0.09662617
      0.24124770
      0.38586923
      0.53049076
      0.67511231
      0.81973386
      0.96435535
      1.10897696
      1.25359845
      1.39821994
