MARCS MODEL ATMOSPHERE, TEFF=   5500.00
 TAU(5000) SCALE
          40     -1.82690
     -4.53018999
     -4.37590361
     -4.22161722
     -4.06733084
     -3.91304445
     -3.75875783
     -3.60447145
     -3.45018506
     -3.29589868
     -3.14161229
     -2.98732591
     -2.83303952
     -2.67875314
     -2.52446675
     -2.37018037
     -2.21589375
     -2.06160736
     -1.90732110
     -1.75303459
     -1.59874821
     -1.44446182
     -1.29017544
     -1.13588893
     -0.98160255
     -0.82731616
     -0.67302972
     -0.51874334
     -0.36445692
     -0.21017051
     -0.05588410
      0.09840229
      0.25268871
      0.40697512
      0.56126153
      0.71554792
      0.86983436
      1.02412081
      1.17840719
      1.33269358
      1.48697996
