MARCS MODEL ATMOSPHERE, TEFF=   6000.00
 TAU(5000) SCALE
          40     -1.38154
     -4.51326990
     -4.36109972
     -4.20892954
     -4.05675936
     -3.90458894
     -3.75241876
     -3.60024834
     -3.44807816
     -3.29590797
     -3.14373779
     -2.99156737
     -2.83939719
     -2.68722701
     -2.53505659
     -2.38288641
     -2.23071623
     -2.07854581
     -1.92637563
     -1.77420545
     -1.62203515
     -1.46986485
     -1.31769466
     -1.16552436
     -1.01335406
     -0.86118382
     -0.70901358
     -0.55684334
     -0.40467307
     -0.25250280
     -0.10033257
      0.05183767
      0.20400795
      0.35617822
      0.50834846
      0.66051871
      0.81268895
      0.96485919
      1.11702955
      1.26919973
      1.42137003
