MARCS MODEL ATMOSPHERE, TEFF=   6000.00
 TAU(5000) SCALE
          40    -0.995690
     -4.34864998
     -4.20116568
     -4.05368185
     -3.90619779
     -3.75871348
     -3.61122942
     -3.46374536
     -3.31626129
     -3.16877723
     -3.02129316
     -2.87380910
     -2.72632480
     -2.57884073
     -2.43135667
     -2.28387260
     -2.13638854
     -1.98890436
     -1.84142029
     -1.69393611
     -1.54645205
     -1.39896798
     -1.25148380
     -1.10399973
     -0.95651561
     -0.80903155
     -0.66154742
     -0.51406336
     -0.36657920
     -0.21909514
     -0.07161102
      0.07587307
      0.22335719
      0.37084126
      0.51832539
      0.66580951
      0.81329358
      0.96077770
      1.10826182
      1.25574589
      1.40323007
