MARCS MODEL ATMOSPHERE, TEFF=   6000.00
 TAU(5000) SCALE
          40     -1.17857
     -4.44343996
     -4.29333401
     -4.14322805
     -3.99312234
     -3.84301639
     -3.69291043
     -3.54280472
     -3.39269876
     -3.24259281
     -3.09248686
     -2.94238091
     -2.79227519
     -2.64216924
     -2.49206328
     -2.34195733
     -2.19185162
     -2.04174566
     -1.89163971
     -1.74153388
     -1.59142792
     -1.44132209
     -1.29121614
     -1.14111018
     -0.99100435
     -0.84089845
     -0.69079256
     -0.54068667
     -0.39058077
     -0.24047485
     -0.09036898
      0.05973692
      0.20984282
      0.35994872
      0.51005465
      0.66016054
      0.81026638
      0.96037227
      1.11047816
      1.26058412
      1.41069007
