MARCS MODEL ATMOSPHERE, TEFF=   7000.00
 TAU(5000) SCALE
          40     -2.03550
     -4.63655996
     -4.48147297
     -4.32638597
     -4.17129946
     -4.01621246
     -3.86112547
     -3.70603848
     -3.55095148
     -3.39586473
     -3.24077773
     -3.08569074
     -2.93060374
     -2.77551699
     -2.62042999
     -2.46534300
     -2.31025624
     -2.15516925
     -2.00008225
     -1.84499538
     -1.68990850
     -1.53482151
     -1.37973464
     -1.22464764
     -1.06956077
     -0.91447383
     -0.75938690
     -0.60430002
     -0.44921306
     -0.29412612
     -0.13903923
      0.01604769
      0.17113461
      0.32622153
      0.48130846
      0.63639539
      0.79148233
      0.94656926
      1.10165620
      1.25674307
      1.41182995
