MARCS MODEL ATMOSPHERE, TEFF=   4500.00
 TAU(5000) SCALE
          40     -1.41719
     -4.19999981
     -4.05222559
     -3.90445065
     -3.75667620
     -3.60890150
     -3.46112704
     -3.31335235
     -3.16557765
     -3.01780295
     -2.87002850
     -2.72225380
     -2.57447934
     -2.42670465
     -2.27892995
     -2.13115549
     -1.98338079
     -1.83560622
     -1.68783152
     -1.54005694
     -1.39228237
     -1.24450767
     -1.09673309
     -0.94895846
     -0.80118382
     -0.65340924
     -0.50563461
     -0.35786000
     -0.21008538
     -0.06231078
      0.08546386
      0.23323847
      0.38101307
      0.52878767
      0.67656231
      0.82433689
      0.97211152
      1.11988616
      1.26766074
      1.41543543
      1.56321001
