MARCS MODEL ATMOSPHERE, TEFF=   6000.00
 TAU(5000) SCALE
          40     -2.04912
     -4.59676981
     -4.44098806
     -4.28520584
     -4.12942362
     -3.97364187
     -3.81785965
     -3.66207767
     -3.50629568
     -3.35051370
     -3.19473147
     -3.03894949
     -2.88316751
     -2.72738528
     -2.57160330
     -2.41582131
     -2.26003933
     -2.10425711
     -1.94847512
     -1.79269314
     -1.63691103
     -1.48112893
     -1.32534695
     -1.16956484
     -1.01378286
     -0.85800081
     -0.70221871
     -0.54643667
     -0.39065462
     -0.23487255
     -0.07909050
      0.07669155
      0.23247358
      0.38825566
      0.54403770
      0.69981974
      0.85560179
      1.01138389
      1.16716588
      1.32294798
      1.47872996
